#Data from the TCD1304 linear CCD
#column 1 = pixelnumber , column 2 = pixelvalue
#Pixel 1-32 and 3679-3694 and are dummy pixels
#SH-period: 100    ICG-period: 100000    Integration time: 50.0 µs
1 3920
2 3916
3 3917
4 3917
5 3920
6 3919
7 3916
8 3919
9 3914
10 3917
11 3917
12 3918
13 3916
14 3921
15 3916
16 3919
17 3915
18 3918
19 3918
20 3918
21 3915
22 3915
23 3919
24 3918
25 3916
26 3917
27 3915
28 3916
29 3917
30 3919
31 3916
32 3920
33 3917
34 3915
35 3918
36 3918
37 3916
38 3919
39 3916
40 3916
41 3915
42 3916
43 3916
44 3918
45 3916
46 3916
47 3917
48 3919
49 3916
50 3918
51 3918
52 3917
53 3917
54 3916
55 3917
56 3917
57 3915
58 3916
59 3916
60 3916
61 3916
62 3917
63 3916
64 3917
65 3915
66 3916
67 3916
68 3916
69 3915
70 3917
71 3917
72 3916
73 3915
74 3918
75 3918
76 3918
77 3916
78 3916
79 3916
80 3916
81 3916
82 3914
83 3917
84 3915
85 3916
86 3917
87 3915
88 3915
89 3915
90 3917
91 3916
92 3915
93 3914
94 3919
95 3916
96 3916
97 3915
98 3918
99 3914
100 3915
101 3916
102 3917
103 3911
104 3916
105 3915
106 3916
107 3916
108 3914
109 3913
110 3917
111 3916
112 3916
113 3915
114 3915
115 3914
116 3916
117 3915
118 3915
119 3915
120 3915
121 3916
122 3915
123 3917
124 3917
125 3909
126 3915
127 3917
128 3913
129 3914
130 3913
131 3912
132 3915
133 3915
134 3914
135 3914
136 3915
137 3915
138 3914
139 3914
140 3915
141 3914
142 3915
143 3914
144 3915
145 3912
146 3911
147 3915
148 3916
149 3913
150 3912
151 3913
152 3916
153 3913
154 3916
155 3914
156 3913
157 3911
158 3913
159 3916
160 3916
161 3914
162 3914
163 3915
164 3916
165 3915
166 3914
167 3912
168 3916
169 3915
170 3915
171 3912
172 3912
173 3916
174 3917
175 3913
176 3916
177 3914
178 3914
179 3918
180 3917
181 3914
182 3914
183 3914
184 3918
185 3915
186 3916
187 3915
188 3916
189 3914
190 3917
191 3915
192 3914
193 3913
194 3914
195 3914
196 3914
197 3915
198 3916
199 3912
200 3914
201 3916
202 3919
203 3913
204 3915
205 3915
206 3916
207 3915
208 3915
209 3914
210 3916
211 3914
212 3917
213 3916
214 3916
215 3916
216 3914
217 3914
218 3915
219 3915
220 3915
221 3912
222 3916
223 3915
224 3914
225 3915
226 3916
227 3915
228 3915
229 3915
230 3914
231 3914
232 3915
233 3915
234 3917
235 3913
236 3914
237 3916
238 3917
239 3914
240 3918
241 3914
242 3915
243 3915
244 3914
245 3914
246 3915
247 3916
248 3915
249 3913
250 3916
251 3915
252 3917
253 3914
254 3917
255 3913
256 3915
257 3914
258 3917
259 3916
260 3917
261 3914
262 3915
263 3917
264 3916
265 3915
266 3916
267 3913
268 3915
269 3913
270 3914
271 3916
272 3916
273 3916
274 3916
275 3915
276 3916
277 3915
278 3916
279 3915
280 3915
281 3915
282 3918
283 3916
284 3916
285 3914
286 3915
287 3914
288 3914
289 3915
290 3914
291 3916
292 3915
293 3915
294 3913
295 3916
296 3914
297 3913
298 3916
299 3915
300 3917
301 3916
302 3915
303 3912
304 3916
305 3914
306 3916
307 3915
308 3916
309 3914
310 3915
311 3915
312 3917
313 3915
314 3915
315 3914
316 3915
317 3914
318 3915
319 3916
320 3915
321 3916
322 3915
323 3915
324 3914
325 3914
326 3915
327 3916
328 3914
329 3916
330 3916
331 3914
332 3916
333 3916
334 3916
335 3915
336 3914
337 3915
338 3918
339 3915
340 3915
341 3913
342 3918
343 3915
344 3916
345 3914
346 3916
347 3916
348 3916
349 3913
350 3913
351 3916
352 3916
353 3913
354 3914
355 3915
356 3916
357 3914
358 3915
359 3914
360 3913
361 3912
362 3915
363 3916
364 3916
365 3914
366 3915
367 3914
368 3915
369 3914
370 3917
371 3915
372 3913
373 3916
374 3916
375 3914
376 3916
377 3915
378 3912
379 3914
380 3917
381 3916
382 3916
383 3913
384 3914
385 3914
386 3917
387 3914
388 3914
389 3914
390 3915
391 3914
392 3915
393 3915
394 3917
395 3916
396 3915
397 3911
398 3916
399 3913
400 3915
401 3914
402 3916
403 3913
404 3915
405 3916
406 3914
407 3914
408 3916
409 3914
410 3915
411 3913
412 3916
413 3914
414 3914
415 3914
416 3915
417 3916
418 3915
419 3915
420 3915
421 3914
422 3916
423 3915
424 3915
425 3916
426 3916
427 3916
428 3912
429 3914
430 3914
431 3913
432 3917
433 3914
434 3917
435 3915
436 3915
437 3914
438 3918
439 3914
440 3915
441 3914
442 3914
443 3914
444 3914
445 3913
446 3915
447 3914
448 3913
449 3916
450 3916
451 3913
452 3916
453 3911
454 3919
455 3915
456 3916
457 3911
458 3916
459 3914
460 3914
461 3916
462 3917
463 3914
464 3915
465 3912
466 3917
467 3913
468 3915
469 3915
470 3919
471 3915
472 3917
473 3916
474 3918
475 3913
476 3916
477 3916
478 3916
479 3916
480 3914
481 3915
482 3914
483 3913
484 3917
485 3915
486 3918
487 3917
488 3917
489 3917
490 3918
491 3917
492 3916
493 3917
494 3917
495 3916
496 3917
497 3917
498 3914
499 3917
500 3916
501 3916
502 3916
503 3916
504 3918
505 3917
506 3919
507 3916
508 3917
509 3917
510 3917
511 3915
512 3916
513 3917
514 3916
515 3914
516 3918
517 3917
518 3916
519 3916
520 3917
521 3916
522 3917
523 3916
524 3915
525 3916
526 3917
527 3915
528 3914
529 3916
530 3918
531 3916
532 3917
533 3917
534 3915
535 3915
536 3916
537 3915
538 3914
539 3916
540 3917
541 3913
542 3917
543 3915
544 3916
545 3915
546 3917
547 3914
548 3916
549 3912
550 3917
551 3918
552 3916
553 3914
554 3914
555 3914
556 3916
557 3914
558 3916
559 3915
560 3917
561 3917
562 3914
563 3916
564 3913
565 3916
566 3915
567 3912
568 3918
569 3914
570 3915
571 3915
572 3915
573 3913
574 3914
575 3916
576 3913
577 3917
578 3915
579 3912
580 3915
581 3913
582 3916
583 3915
584 3915
585 3914
586 3913
587 3914
588 3916
589 3914
590 3914
591 3914
592 3915
593 3915
594 3916
595 3913
596 3916
597 3914
598 3913
599 3913
600 3914
601 3916
602 3917
603 3915
604 3915
605 3911
606 3916
607 3914
608 3913
609 3914
610 3914
611 3915
612 3913
613 3914
614 3915
615 3913
616 3914
617 3911
618 3915
619 3914
620 3914
621 3913
622 3917
623 3915
624 3918
625 3915
626 3914
627 3913
628 3914
629 3917
630 3915
631 3917
632 3915
633 3913
634 3916
635 3914
636 3916
637 3913
638 3915
639 3915
640 3915
641 3914
642 3917
643 3912
644 3918
645 3914
646 3915
647 3914
648 3915
649 3913
650 3914
651 3915
652 3917
653 3913
654 3914
655 3915
656 3916
657 3914
658 3915
659 3915
660 3915
661 3914
662 3914
663 3914
664 3915
665 3912
666 3917
667 3914
668 3915
669 3913
670 3916
671 3916
672 3916
673 3915
674 3917
675 3912
676 3915
677 3915
678 3916
679 3915
680 3916
681 3916
682 3916
683 3914
684 3913
685 3916
686 3914
687 3917
688 3916
689 3914
690 3914
691 3916
692 3915
693 3914
694 3914
695 3914
696 3916
697 3913
698 3915
699 3914
700 3916
701 3916
702 3917
703 3912
704 3916
705 3915
706 3916
707 3916
708 3915
709 3916
710 3917
711 3914
712 3917
713 3916
714 3915
715 3916
716 3916
717 3914
718 3917
719 3917
720 3915
721 3914
722 3917
723 3916
724 3915
725 3914
726 3917
727 3917
728 3916
729 3917
730 3916
731 3915
732 3916
733 3915
734 3917
735 3916
736 3916
737 3917
738 3915
739 3913
740 3916
741 3915
742 3916
743 3914
744 3917
745 3918
746 3917
747 3918
748 3915
749 3916
750 3915
751 3914
752 3916
753 3914
754 3915
755 3914
756 3916
757 3916
758 3915
759 3915
760 3916
761 3914
762 3915
763 3917
764 3915
765 3915
766 3914
767 3916
768 3917
769 3915
770 3915
771 3915
772 3916
773 3916
774 3915
775 3915
776 3913
777 3914
778 3916
779 3915
780 3912
781 3917
782 3916
783 3914
784 3913
785 3916
786 3916
787 3915
788 3914
789 3917
790 3915
791 3910
792 3915
793 3915
794 3917
795 3914
796 3916
797 3917
798 3916
799 3915
800 3916
801 3917
802 3919
803 3914
804 3916
805 3916
806 3917
807 3915
808 3919
809 3915
810 3916
811 3915
812 3916
813 3916
814 3913
815 3913
816 3914
817 3916
818 3915
819 3913
820 3913
821 3914
822 3914
823 3916
824 3916
825 3917
826 3917
827 3913
828 3915
829 3914
830 3915
831 3915
832 3916
833 3914
834 3915
835 3915
836 3915
837 3915
838 3917
839 3914
840 3915
841 3914
842 3918
843 3914
844 3913
845 3915
846 3915
847 3914
848 3917
849 3915
850 3915
851 3917
852 3915
853 3914
854 3917
855 3916
856 3915
857 3915
858 3913
859 3914
860 3914
861 3913
862 3916
863 3913
864 3914
865 3914
866 3917
867 3917
868 3917
869 3914
870 3915
871 3916
872 3915
873 3917
874 3914
875 3915
876 3916
877 3915
878 3913
879 3913
880 3915
881 3915
882 3914
883 3914
884 3916
885 3916
886 3916
887 3914
888 3913
889 3917
890 3917
891 3913
892 3915
893 3914
894 3916
895 3916
896 3916
897 3916
898 3915
899 3914
900 3914
901 3916
902 3916
903 3915
904 3916
905 3916
906 3916
907 3916
908 3915
909 3914
910 3917
911 3914
912 3916
913 3915
914 3917
915 3913
916 3917
917 3916
918 3918
919 3915
920 3915
921 3913
922 3917
923 3916
924 3916
925 3916
926 3916
927 3916
928 3909
929 3916
930 3917
931 3918
932 3918
933 3915
934 3917
935 3914
936 3916
937 3916
938 3917
939 3915
940 3915
941 3915
942 3917
943 3915
944 3919
945 3918
946 3919
947 3916
948 3918
949 3919
950 3919
951 3918
952 3919
953 3915
954 3918
955 3916
956 3915
957 3916
958 3918
959 3915
960 3918
961 3918
962 3918
963 3917
964 3917
965 3917
966 3919
967 3916
968 3917
969 3915
970 3918
971 3918
972 3918
973 3917
974 3913
975 3917
976 3915
977 3916
978 3913
979 3918
980 3918
981 3916
982 3917
983 3916
984 3918
985 3917
986 3917
987 3916
988 3917
989 3917
990 3919
991 3917
992 3918
993 3916
994 3917
995 3917
996 3916
997 3916
998 3918
999 3917
1000 3917
1001 3914
1002 3918
1003 3916
1004 3917
1005 3917
1006 3918
1007 3916
1008 3917
1009 3916
1010 3916
1011 3917
1012 3916
1013 3915
1014 3917
1015 3915
1016 3916
1017 3914
1018 3916
1019 3916
1020 3915
1021 3915
1022 3917
1023 3916
1024 3916
1025 3915
1026 3914
1027 3916
1028 3914
1029 3915
1030 3916
1031 3916
1032 3915
1033 3916
1034 3916
1035 3917
1036 3917
1037 3917
1038 3918
1039 3915
1040 3916
1041 3916
1042 3916
1043 3915
1044 3917
1045 3914
1046 3917
1047 3915
1048 3915
1049 3915
1050 3915
1051 3913
1052 3917
1053 3912
1054 3915
1055 3915
1056 3915
1057 3915
1058 3915
1059 3912
1060 3916
1061 3915
1062 3915
1063 3914
1064 3914
1065 3914
1066 3916
1067 3916
1068 3916
1069 3916
1070 3916
1071 3914
1072 3914
1073 3913
1074 3915
1075 3915
1076 3917
1077 3914
1078 3914
1079 3916
1080 3916
1081 3914
1082 3917
1083 3916
1084 3918
1085 3914
1086 3916
1087 3914
1088 3915
1089 3916
1090 3916
1091 3913
1092 3916
1093 3914
1094 3915
1095 3914
1096 3915
1097 3913
1098 3914
1099 3915
1100 3914
1101 3915
1102 3912
1103 3913
1104 3915
1105 3913
1106 3916
1107 3915
1108 3915
1109 3915
1110 3914
1111 3913
1112 3915
1113 3913
1114 3915
1115 3915
1116 3916
1117 3912
1118 3916
1119 3916
1120 3912
1121 3914
1122 3914
1123 3912
1124 3916
1125 3912
1126 3917
1127 3915
1128 3911
1129 3914
1130 3913
1131 3914
1132 3914
1133 3913
1134 3914
1135 3915
1136 3914
1137 3913
1138 3914
1139 3914
1140 3914
1141 3915
1142 3912
1143 3913
1144 3914
1145 3915
1146 3913
1147 3915
1148 3912
1149 3914
1150 3914
1151 3914
1152 3915
1153 3911
1154 3912
1155 3913
1156 3916
1157 3915
1158 3915
1159 3913
1160 3913
1161 3915
1162 3916
1163 3913
1164 3914
1165 3915
1166 3915
1167 3914
1168 3913
1169 3913
1170 3915
1171 3913
1172 3916
1173 3912
1174 3914
1175 3913
1176 3914
1177 3915
1178 3912
1179 3914
1180 3913
1181 3915
1182 3917
1183 3912
1184 3916
1185 3915
1186 3918
1187 3914
1188 3914
1189 3914
1190 3916
1191 3914
1192 3917
1193 3915
1194 3914
1195 3914
1196 3915
1197 3916
1198 3916
1199 3915
1200 3915
1201 3917
1202 3916
1203 3912
1204 3916
1205 3916
1206 3919
1207 3913
1208 3914
1209 3917
1210 3915
1211 3914
1212 3916
1213 3914
1214 3916
1215 3915
1216 3917
1217 3917
1218 3918
1219 3916
1220 3917
1221 3916
1222 3915
1223 3916
1224 3916
1225 3914
1226 3916
1227 3916
1228 3915
1229 3914
1230 3914
1231 3915
1232 3915
1233 3916
1234 3917
1235 3917
1236 3913
1237 3914
1238 3915
1239 3917
1240 3916
1241 3916
1242 3912
1243 3914
1244 3916
1245 3916
1246 3915
1247 3916
1248 3916
1249 3916
1250 3915
1251 3915
1252 3915
1253 3912
1254 3916
1255 3914
1256 3915
1257 3915
1258 3915
1259 3916
1260 3917
1261 3915
1262 3915
1263 3913
1264 3917
1265 3915
1266 3915
1267 3912
1268 3916
1269 3915
1270 3918
1271 3914
1272 3915
1273 3915
1274 3914
1275 3913
1276 3916
1277 3916
1278 3914
1279 3916
1280 3913
1281 3915
1282 3917
1283 3914
1284 3916
1285 3915
1286 3916
1287 3915
1288 3913
1289 3915
1290 3916
1291 3913
1292 3916
1293 3912
1294 3915
1295 3915
1296 3918
1297 3914
1298 3916
1299 3914
1300 3919
1301 3915
1302 3916
1303 3913
1304 3918
1305 3913
1306 3915
1307 3914
1308 3914
1309 3915
1310 3914
1311 3916
1312 3915
1313 3917
1314 3915
1315 3913
1316 3915
1317 3914
1318 3918
1319 3915
1320 3914
1321 3916
1322 3917
1323 3915
1324 3915
1325 3915
1326 3916
1327 3915
1328 3912
1329 3914
1330 3916
1331 3915
1332 3917
1333 3914
1334 3917
1335 3914
1336 3915
1337 3914
1338 3915
1339 3916
1340 3917
1341 3913
1342 3915
1343 3914
1344 3916
1345 3915
1346 3917
1347 3914
1348 3915
1349 3912
1350 3916
1351 3914
1352 3915
1353 3915
1354 3915
1355 3914
1356 3916
1357 3916
1358 3915
1359 3915
1360 3914
1361 3915
1362 3915
1363 3917
1364 3915
1365 3916
1366 3914
1367 3914
1368 3914
1369 3915
1370 3917
1371 3915
1372 3917
1373 3916
1374 3917
1375 3915
1376 3916
1377 3916
1378 3911
1379 3915
1380 3913
1381 3915
1382 3914
1383 3914
1384 3917
1385 3913
1386 3913
1387 3913
1388 3915
1389 3916
1390 3915
1391 3914
1392 3915
1393 3914
1394 3914
1395 3913
1396 3914
1397 3913
1398 3917
1399 3915
1400 3915
1401 3914
1402 3917
1403 3910
1404 3914
1405 3913
1406 3912
1407 3915
1408 3916
1409 3915
1410 3913
1411 3914
1412 3914
1413 3912
1414 3913
1415 3914
1416 3914
1417 3914
1418 3914
1419 3911
1420 3914
1421 3914
1422 3916
1423 3917
1424 3914
1425 3914
1426 3913
1427 3915
1428 3915
1429 3911
1430 3914
1431 3914
1432 3913
1433 3914
1434 3914
1435 3914
1436 3914
1437 3914
1438 3914
1439 3914
1440 3914
1441 3912
1442 3915
1443 3912
1444 3914
1445 3914
1446 3914
1447 3915
1448 3916
1449 3913
1450 3915
1451 3913
1452 3914
1453 3910
1454 3914
1455 3913
1456 3915
1457 3912
1458 3914
1459 3915
1460 3912
1461 3911
1462 3913
1463 3913
1464 3913
1465 3912
1466 3911
1467 3914
1468 3915
1469 3913
1470 3913
1471 3912
1472 3915
1473 3912
1474 3914
1475 3912
1476 3917
1477 3910
1478 3911
1479 3912
1480 3911
1481 3910
1482 3915
1483 3910
1484 3914
1485 3911
1486 3911
1487 3910
1488 3911
1489 3909
1490 3912
1491 3908
1492 3911
1493 3909
1494 3911
1495 3910
1496 3911
1497 3909
1498 3908
1499 3911
1500 3910
1501 3906
1502 3905
1503 3898
1504 3902
1505 3896
1506 3896
1507 3899
1508 3899
1509 3895
1510 3893
1511 3895
1512 3902
1513 3903
1514 3902
1515 3903
1516 3903
1517 3901
1518 3901
1519 3893
1520 3888
1521 3886
1522 3885
1523 3888
1524 3887
1525 3885
1526 3888
1527 3890
1528 3887
1529 3892
1530 3893
1531 3895
1532 3891
1533 3884
1534 3872
1535 3869
1536 3865
1537 3857
1538 3865
1539 3858
1540 3817
1541 3807
1542 3803
1543 3792
1544 3735
1545 3543
1546 3319
1547 2958
1548 2766
1549 2765
1550 2756
1551 2681
1552 2739
1553 2948
1554 3166
1555 3284
1556 3359
1557 3510
1558 3686
1559 3760
1560 3775
1561 3802
1562 3847
1563 3849
1564 3852
1565 3863
1566 3884
1567 3882
1568 3884
1569 3893
1570 3895
1571 3896
1572 3902
1573 3901
1574 3900
1575 3902
1576 3904
1577 3901
1578 3900
1579 3902
1580 3903
1581 3905
1582 3905
1583 3904
1584 3905
1585 3904
1586 3905
1587 3903
1588 3906
1589 3906
1590 3907
1591 3905
1592 3908
1593 3908
1594 3908
1595 3907
1596 3904
1597 3906
1598 3904
1599 3906
1600 3897
1601 3900
1602 3901
1603 3897
1604 3891
1605 3880
1606 3863
1607 3843
1608 3816
1609 3793
1610 3798
1611 3788
1612 3759
1613 3762
1614 3786
1615 3812
1616 3816
1617 3823
1618 3851
1619 3877
1620 3884
1621 3883
1622 3889
1623 3899
1624 3899
1625 3901
1626 3903
1627 3908
1628 3903
1629 3907
1630 3906
1631 3908
1632 3907
1633 3910
1634 3911
1635 3908
1636 3909
1637 3908
1638 3911
1639 3910
1640 3909
1641 3909
1642 3912
1643 3909
1644 3911
1645 3908
1646 3913
1647 3910
1648 3913
1649 3911
1650 3911
1651 3909
1652 3915
1653 3909
1654 3912
1655 3910
1656 3912
1657 3911
1658 3913
1659 3911
1660 3915
1661 3910
1662 3914
1663 3913
1664 3913
1665 3912
1666 3914
1667 3911
1668 3912
1669 3913
1670 3912
1671 3912
1672 3914
1673 3912
1674 3913
1675 3914
1676 3915
1677 3913
1678 3912
1679 3913
1680 3915
1681 3915
1682 3916
1683 3913
1684 3912
1685 3913
1686 3913
1687 3914
1688 3916
1689 3915
1690 3913
1691 3912
1692 3918
1693 3915
1694 3917
1695 3914
1696 3914
1697 3912
1698 3915
1699 3913
1700 3914
1701 3916
1702 3918
1703 3908
1704 3914
1705 3914
1706 3916
1707 3914
1708 3916
1709 3913
1710 3914
1711 3912
1712 3914
1713 3913
1714 3915
1715 3913
1716 3915
1717 3916
1718 3914
1719 3911
1720 3915
1721 3915
1722 3916
1723 3916
1724 3916
1725 3915
1726 3917
1727 3918
1728 3912
1729 3914
1730 3917
1731 3916
1732 3917
1733 3914
1734 3916
1735 3916
1736 3917
1737 3917
1738 3916
1739 3916
1740 3918
1741 3913
1742 3919
1743 3914
1744 3916
1745 3916
1746 3914
1747 3917
1748 3918
1749 3915
1750 3917
1751 3917
1752 3915
1753 3913
1754 3916
1755 3917
1756 3915
1757 3914
1758 3917
1759 3916
1760 3918
1761 3916
1762 3919
1763 3915
1764 3918
1765 3919
1766 3918
1767 3915
1768 3918
1769 3916
1770 3917
1771 3918
1772 3917
1773 3917
1774 3915
1775 3914
1776 3919
1777 3918
1778 3916
1779 3916
1780 3916
1781 3916
1782 3918
1783 3916
1784 3917
1785 3917
1786 3920
1787 3916
1788 3916
1789 3917
1790 3918
1791 3915
1792 3916
1793 3917
1794 3919
1795 3917
1796 3914
1797 3918
1798 3916
1799 3916
1800 3918
1801 3917
1802 3915
1803 3913
1804 3918
1805 3918
1806 3916
1807 3917
1808 3917
1809 3917
1810 3917
1811 3915
1812 3916
1813 3917
1814 3918
1815 3915
1816 3918
1817 3914
1818 3918
1819 3915
1820 3917
1821 3917
1822 3920
1823 3917
1824 3918
1825 3917
1826 3918
1827 3917
1828 3915
1829 3916
1830 3919
1831 3914
1832 3917
1833 3913
1834 3917
1835 3915
1836 3917
1837 3914
1838 3918
1839 3917
1840 3918
1841 3916
1842 3916
1843 3916
1844 3916
1845 3915
1846 3915
1847 3915
1848 3916
1849 3917
1850 3916
1851 3917
1852 3917
1853 3913
1854 3918
1855 3915
1856 3919
1857 3916
1858 3918
1859 3916
1860 3916
1861 3916
1862 3917
1863 3916
1864 3918
1865 3915
1866 3917
1867 3914
1868 3918
1869 3915
1870 3916
1871 3917
1872 3917
1873 3915
1874 3915
1875 3916
1876 3917
1877 3918
1878 3915
1879 3916
1880 3916
1881 3915
1882 3918
1883 3915
1884 3916
1885 3916
1886 3915
1887 3917
1888 3918
1889 3915
1890 3917
1891 3914
1892 3917
1893 3917
1894 3917
1895 3914
1896 3917
1897 3915
1898 3917
1899 3914
1900 3916
1901 3916
1902 3916
1903 3915
1904 3917
1905 3914
1906 3916
1907 3916
1908 3916
1909 3915
1910 3915
1911 3915
1912 3914
1913 3917
1914 3916
1915 3916
1916 3916
1917 3917
1918 3917
1919 3915
1920 3916
1921 3917
1922 3920
1923 3915
1924 3915
1925 3915
1926 3914
1927 3916
1928 3915
1929 3913
1930 3915
1931 3916
1932 3917
1933 3916
1934 3916
1935 3915
1936 3917
1937 3914
1938 3917
1939 3916
1940 3916
1941 3915
1942 3913
1943 3917
1944 3918
1945 3916
1946 3916
1947 3914
1948 3917
1949 3914
1950 3916
1951 3915
1952 3917
1953 3915
1954 3917
1955 3917
1956 3915
1957 3914
1958 3915
1959 3919
1960 3916
1961 3917
1962 3916
1963 3919
1964 3915
1965 3916
1966 3915
1967 3915
1968 3915
1969 3915
1970 3917
1971 3914
1972 3916
1973 3915
1974 3915
1975 3913
1976 3917
1977 3916
1978 3915
1979 3915
1980 3916
1981 3914
1982 3918
1983 3918
1984 3916
1985 3915
1986 3916
1987 3915
1988 3917
1989 3917
1990 3917
1991 3915
1992 3917
1993 3916
1994 3918
1995 3916
1996 3917
1997 3914
1998 3917
1999 3915
2000 3918
2001 3917
2002 3917
2003 3917
2004 3917
2005 3918
2006 3918
2007 3916
2008 3917
2009 3915
2010 3919
2011 3915
2012 3917
2013 3914
2014 3915
2015 3915
2016 3918
2017 3915
2018 3916
2019 3916
2020 3915
2021 3916
2022 3916
2023 3917
2024 3916
2025 3915
2026 3915
2027 3916
2028 3913
2029 3914
2030 3915
2031 3915
2032 3916
2033 3915
2034 3915
2035 3916
2036 3915
2037 3916
2038 3915
2039 3916
2040 3917
2041 3915
2042 3916
2043 3915
2044 3916
2045 3918
2046 3916
2047 3914
2048 3918
2049 3917
2050 3917
2051 3916
2052 3917
2053 3916
2054 3915
2055 3916
2056 3915
2057 3916
2058 3916
2059 3916
2060 3915
2061 3914
2062 3917
2063 3915
2064 3916
2065 3915
2066 3913
2067 3916
2068 3915
2069 3916
2070 3915
2071 3915
2072 3915
2073 3915
2074 3915
2075 3915
2076 3916
2077 3915
2078 3912
2079 3913
2080 3916
2081 3914
2082 3914
2083 3915
2084 3914
2085 3915
2086 3915
2087 3913
2088 3915
2089 3916
2090 3915
2091 3915
2092 3915
2093 3913
2094 3914
2095 3911
2096 3914
2097 3914
2098 3914
2099 3913
2100 3916
2101 3915
2102 3916
2103 3914
2104 3917
2105 3914
2106 3915
2107 3914
2108 3915
2109 3914
2110 3914
2111 3914
2112 3913
2113 3916
2114 3916
2115 3911
2116 3915
2117 3913
2118 3915
2119 3914
2120 3914
2121 3914
2122 3915
2123 3914
2124 3915
2125 3913
2126 3916
2127 3914
2128 3914
2129 3912
2130 3916
2131 3913
2132 3914
2133 3914
2134 3913
2135 3914
2136 3914
2137 3915
2138 3912
2139 3914
2140 3913
2141 3912
2142 3912
2143 3912
2144 3913
2145 3914
2146 3913
2147 3914
2148 3913
2149 3913
2150 3914
2151 3912
2152 3915
2153 3912
2154 3916
2155 3912
2156 3916
2157 3915
2158 3916
2159 3912
2160 3914
2161 3914
2162 3917
2163 3916
2164 3913
2165 3917
2166 3913
2167 3916
2168 3915
2169 3913
2170 3913
2171 3918
2172 3912
2173 3915
2174 3915
2175 3912
2176 3917
2177 3915
2178 3913
2179 3914
2180 3916
2181 3914
2182 3914
2183 3915
2184 3916
2185 3914
2186 3915
2187 3916
2188 3915
2189 3915
2190 3915
2191 3915
2192 3915
2193 3916
2194 3919
2195 3915
2196 3916
2197 3915
2198 3915
2199 3917
2200 3916
2201 3915
2202 3916
2203 3914
2204 3917
2205 3918
2206 3915
2207 3914
2208 3917
2209 3917
2210 3919
2211 3916
2212 3917
2213 3917
2214 3920
2215 3916
2216 3917
2217 3916
2218 3916
2219 3917
2220 3917
2221 3915
2222 3915
2223 3916
2224 3917
2225 3916
2226 3919
2227 3917
2228 3916
2229 3916
2230 3915
2231 3917
2232 3917
2233 3916
2234 3918
2235 3917
2236 3916
2237 3918
2238 3917
2239 3915
2240 3917
2241 3915
2242 3917
2243 3916
2244 3917
2245 3916
2246 3917
2247 3916
2248 3916
2249 3918
2250 3915
2251 3915
2252 3917
2253 3913
2254 3916
2255 3917
2256 3917
2257 3919
2258 3918
2259 3918
2260 3918
2261 3916
2262 3917
2263 3915
2264 3918
2265 3916
2266 3914
2267 3917
2268 3918
2269 3916
2270 3915
2271 3917
2272 3917
2273 3916
2274 3915
2275 3914
2276 3919
2277 3915
2278 3915
2279 3916
2280 3916
2281 3916
2282 3919
2283 3915
2284 3916
2285 3917
2286 3916
2287 3918
2288 3917
2289 3917
2290 3917
2291 3916
2292 3917
2293 3915
2294 3917
2295 3915
2296 3915
2297 3917
2298 3915
2299 3916
2300 3918
2301 3917
2302 3917
2303 3915
2304 3916
2305 3916
2306 3916
2307 3914
2308 3916
2309 3915
2310 3919
2311 3915
2312 3918
2313 3916
2314 3916
2315 3917
2316 3915
2317 3915
2318 3916
2319 3917
2320 3918
2321 3916
2322 3917
2323 3918
2324 3916
2325 3915
2326 3916
2327 3918
2328 3914
2329 3915
2330 3918
2331 3915
2332 3916
2333 3916
2334 3916
2335 3914
2336 3918
2337 3914
2338 3920
2339 3917
2340 3917
2341 3914
2342 3917
2343 3913
2344 3920
2345 3915
2346 3915
2347 3918
2348 3916
2349 3916
2350 3916
2351 3918
2352 3919
2353 3913
2354 3917
2355 3918
2356 3917
2357 3915
2358 3917
2359 3916
2360 3914
2361 3916
2362 3916
2363 3918
2364 3916
2365 3916
2366 3917
2367 3914
2368 3918
2369 3916
2370 3916
2371 3915
2372 3918
2373 3916
2374 3916
2375 3916
2376 3917
2377 3916
2378 3914
2379 3915
2380 3917
2381 3915
2382 3915
2383 3916
2384 3918
2385 3914
2386 3915
2387 3915
2388 3917
2389 3916
2390 3916
2391 3914
2392 3917
2393 3917
2394 3917
2395 3916
2396 3916
2397 3916
2398 3919
2399 3916
2400 3916
2401 3915
2402 3918
2403 3914
2404 3914
2405 3917
2406 3917
2407 3917
2408 3916
2409 3918
2410 3917
2411 3918
2412 3919
2413 3915
2414 3919
2415 3917
2416 3918
2417 3919
2418 3916
2419 3917
2420 3918
2421 3917
2422 3915
2423 3916
2424 3917
2425 3918
2426 3917
2427 3916
2428 3914
2429 3917
2430 3917
2431 3914
2432 3917
2433 3915
2434 3918
2435 3915
2436 3919
2437 3918
2438 3916
2439 3917
2440 3916
2441 3917
2442 3916
2443 3915
2444 3918
2445 3914
2446 3916
2447 3915
2448 3919
2449 3917
2450 3916
2451 3916
2452 3916
2453 3915
2454 3916
2455 3914
2456 3914
2457 3915
2458 3917
2459 3914
2460 3916
2461 3915
2462 3917
2463 3916
2464 3917
2465 3912
2466 3916
2467 3916
2468 3917
2469 3917
2470 3917
2471 3917
2472 3917
2473 3914
2474 3915
2475 3915
2476 3916
2477 3917
2478 3914
2479 3915
2480 3916
2481 3915
2482 3916
2483 3914
2484 3918
2485 3916
2486 3917
2487 3916
2488 3920
2489 3914
2490 3918
2491 3916
2492 3918
2493 3917
2494 3917
2495 3915
2496 3918
2497 3917
2498 3918
2499 3916
2500 3919
2501 3917
2502 3919
2503 3915
2504 3917
2505 3918
2506 3916
2507 3916
2508 3917
2509 3918
2510 3918
2511 3915
2512 3918
2513 3916
2514 3917
2515 3914
2516 3917
2517 3915
2518 3918
2519 3915
2520 3917
2521 3917
2522 3918
2523 3915
2524 3917
2525 3918
2526 3917
2527 3918
2528 3915
2529 3918
2530 3916
2531 3917
2532 3918
2533 3917
2534 3915
2535 3916
2536 3917
2537 3916
2538 3915
2539 3917
2540 3917
2541 3916
2542 3917
2543 3916
2544 3916
2545 3915
2546 3916
2547 3914
2548 3919
2549 3916
2550 3919
2551 3917
2552 3919
2553 3914
2554 3915
2555 3916
2556 3917
2557 3917
2558 3919
2559 3917
2560 3916
2561 3914
2562 3916
2563 3915
2564 3916
2565 3916
2566 3918
2567 3917
2568 3915
2569 3916
2570 3917
2571 3916
2572 3917
2573 3916
2574 3918
2575 3917
2576 3916
2577 3915
2578 3911
2579 3917
2580 3917
2581 3914
2582 3915
2583 3917
2584 3917
2585 3916
2586 3915
2587 3914
2588 3915
2589 3917
2590 3917
2591 3914
2592 3916
2593 3916
2594 3915
2595 3918
2596 3916
2597 3915
2598 3916
2599 3915
2600 3915
2601 3914
2602 3916
2603 3914
2604 3917
2605 3916
2606 3915
2607 3913
2608 3915
2609 3914
2610 3914
2611 3915
2612 3912
2613 3916
2614 3913
2615 3915
2616 3916
2617 3915
2618 3916
2619 3916
2620 3915
2621 3915
2622 3916
2623 3914
2624 3917
2625 3913
2626 3915
2627 3913
2628 3914
2629 3913
2630 3915
2631 3914
2632 3916
2633 3913
2634 3916
2635 3915
2636 3915
2637 3914
2638 3913
2639 3914
2640 3915
2641 3913
2642 3916
2643 3913
2644 3916
2645 3913
2646 3915
2647 3914
2648 3916
2649 3912
2650 3913
2651 3914
2652 3916
2653 3912
2654 3914
2655 3915
2656 3918
2657 3913
2658 3915
2659 3913
2660 3917
2661 3913
2662 3915
2663 3916
2664 3916
2665 3914
2666 3916
2667 3915
2668 3913
2669 3916
2670 3913
2671 3915
2672 3915
2673 3914
2674 3913
2675 3916
2676 3918
2677 3916
2678 3914
2679 3913
2680 3914
2681 3912
2682 3917
2683 3914
2684 3917
2685 3915
2686 3915
2687 3914
2688 3917
2689 3915
2690 3914
2691 3918
2692 3916
2693 3915
2694 3918
2695 3914
2696 3916
2697 3917
2698 3916
2699 3915
2700 3916
2701 3916
2702 3916
2703 3912
2704 3916
2705 3915
2706 3914
2707 3915
2708 3916
2709 3916
2710 3915
2711 3914
2712 3918
2713 3915
2714 3917
2715 3917
2716 3916
2717 3915
2718 3916
2719 3915
2720 3916
2721 3914
2722 3917
2723 3915
2724 3919
2725 3916
2726 3916
2727 3916
2728 3918
2729 3916
2730 3915
2731 3916
2732 3916
2733 3916
2734 3917
2735 3916
2736 3918
2737 3916
2738 3918
2739 3914
2740 3919
2741 3917
2742 3918
2743 3918
2744 3917
2745 3915
2746 3919
2747 3918
2748 3916
2749 3919
2750 3918
2751 3916
2752 3918
2753 3914
2754 3920
2755 3917
2756 3919
2757 3916
2758 3918
2759 3917
2760 3917
2761 3918
2762 3916
2763 3914
2764 3916
2765 3917
2766 3916
2767 3916
2768 3916
2769 3918
2770 3918
2771 3916
2772 3919
2773 3918
2774 3918
2775 3917
2776 3916
2777 3918
2778 3916
2779 3916
2780 3915
2781 3916
2782 3918
2783 3919
2784 3918
2785 3917
2786 3917
2787 3918
2788 3918
2789 3917
2790 3919
2791 3917
2792 3918
2793 3917
2794 3919
2795 3916
2796 3917
2797 3917
2798 3916
2799 3916
2800 3918
2801 3916
2802 3917
2803 3916
2804 3916
2805 3916
2806 3916
2807 3917
2808 3919
2809 3918
2810 3918
2811 3918
2812 3918
2813 3916
2814 3917
2815 3917
2816 3917
2817 3917
2818 3916
2819 3917
2820 3917
2821 3918
2822 3917
2823 3915
2824 3920
2825 3915
2826 3917
2827 3917
2828 3917
2829 3917
2830 3918
2831 3915
2832 3918
2833 3915
2834 3918
2835 3916
2836 3916
2837 3918
2838 3917
2839 3915
2840 3916
2841 3919
2842 3918
2843 3918
2844 3916
2845 3915
2846 3919
2847 3916
2848 3918
2849 3916
2850 3919
2851 3915
2852 3919
2853 3911
2854 3919
2855 3917
2856 3918
2857 3916
2858 3919
2859 3916
2860 3920
2861 3915
2862 3917
2863 3916
2864 3917
2865 3915
2866 3919
2867 3915
2868 3919
2869 3915
2870 3919
2871 3917
2872 3917
2873 3915
2874 3917
2875 3915
2876 3919
2877 3915
2878 3916
2879 3917
2880 3917
2881 3919
2882 3917
2883 3916
2884 3919
2885 3916
2886 3916
2887 3913
2888 3917
2889 3915
2890 3915
2891 3916
2892 3915
2893 3916
2894 3917
2895 3917
2896 3918
2897 3917
2898 3917
2899 3915
2900 3919
2901 3917
2902 3915
2903 3913
2904 3915
2905 3918
2906 3917
2907 3920
2908 3916
2909 3914
2910 3918
2911 3916
2912 3918
2913 3918
2914 3915
2915 3916
2916 3918
2917 3915
2918 3918
2919 3915
2920 3917
2921 3914
2922 3914
2923 3915
2924 3918
2925 3916
2926 3919
2927 3917
2928 3915
2929 3916
2930 3920
2931 3918
2932 3918
2933 3917
2934 3916
2935 3916
2936 3916
2937 3917
2938 3919
2939 3917
2940 3917
2941 3915
2942 3916
2943 3917
2944 3917
2945 3915
2946 3916
2947 3915
2948 3917
2949 3914
2950 3915
2951 3917
2952 3917
2953 3913
2954 3917
2955 3916
2956 3916
2957 3916
2958 3916
2959 3916
2960 3915
2961 3915
2962 3915
2963 3915
2964 3915
2965 3918
2966 3916
2967 3917
2968 3917
2969 3918
2970 3917
2971 3916
2972 3914
2973 3914
2974 3917
2975 3915
2976 3917
2977 3916
2978 3917
2979 3916
2980 3916
2981 3914
2982 3919
2983 3915
2984 3914
2985 3914
2986 3917
2987 3913
2988 3918
2989 3916
2990 3916
2991 3915
2992 3915
2993 3916
2994 3918
2995 3916
2996 3915
2997 3913
2998 3916
2999 3917
3000 3916
3001 3915
3002 3916
3003 3913
3004 3918
3005 3914
3006 3917
3007 3916
3008 3915
3009 3916
3010 3917
3011 3915
3012 3914
3013 3915
3014 3917
3015 3917
3016 3915
3017 3916
3018 3915
3019 3917
3020 3917
3021 3917
3022 3915
3023 3914
3024 3916
3025 3915
3026 3915
3027 3918
3028 3915
3029 3918
3030 3917
3031 3915
3032 3917
3033 3916
3034 3920
3035 3915
3036 3917
3037 3918
3038 3917
3039 3916
3040 3917
3041 3916
3042 3913
3043 3913
3044 3916
3045 3916
3046 3914
3047 3916
3048 3917
3049 3917
3050 3916
3051 3916
3052 3918
3053 3914
3054 3916
3055 3918
3056 3915
3057 3917
3058 3916
3059 3916
3060 3917
3061 3916
3062 3914
3063 3915
3064 3916
3065 3916
3066 3917
3067 3916
3068 3917
3069 3916
3070 3916
3071 3915
3072 3916
3073 3915
3074 3915
3075 3914
3076 3917
3077 3917
3078 3914
3079 3917
3080 3914
3081 3914
3082 3914
3083 3914
3084 3914
3085 3917
3086 3917
3087 3917
3088 3914
3089 3914
3090 3915
3091 3915
3092 3918
3093 3914
3094 3915
3095 3914
3096 3915
3097 3914
3098 3916
3099 3915
3100 3916
3101 3915
3102 3915
3103 3914
3104 3919
3105 3914
3106 3916
3107 3914
3108 3918
3109 3915
3110 3918
3111 3914
3112 3916
3113 3913
3114 3913
3115 3916
3116 3916
3117 3915
3118 3915
3119 3914
3120 3917
3121 3915
3122 3913
3123 3915
3124 3915
3125 3915
3126 3919
3127 3914
3128 3914
3129 3915
3130 3916
3131 3915
3132 3914
3133 3915
3134 3916
3135 3913
3136 3913
3137 3916
3138 3917
3139 3914
3140 3912
3141 3912
3142 3913
3143 3915
3144 3917
3145 3914
3146 3917
3147 3914
3148 3914
3149 3916
3150 3917
3151 3913
3152 3917
3153 3911
3154 3914
3155 3913
3156 3913
3157 3915
3158 3915
3159 3918
3160 3918
3161 3913
3162 3914
3163 3912
3164 3918
3165 3912
3166 3914
3167 3914
3168 3919
3169 3915
3170 3916
3171 3914
3172 3916
3173 3915
3174 3915
3175 3914
3176 3916
3177 3916
3178 3914
3179 3915
3180 3916
3181 3915
3182 3915
3183 3915
3184 3915
3185 3913
3186 3913
3187 3913
3188 3919
3189 3914
3190 3916
3191 3914
3192 3915
3193 3913
3194 3916
3195 3915
3196 3917
3197 3915
3198 3916
3199 3916
3200 3914
3201 3914
3202 3917
3203 3912
3204 3917
3205 3915
3206 3916
3207 3915
3208 3918
3209 3914
3210 3917
3211 3916
3212 3917
3213 3916
3214 3918
3215 3915
3216 3917
3217 3916
3218 3918
3219 3914
3220 3916
3221 3916
3222 3915
3223 3916
3224 3917
3225 3916
3226 3918
3227 3918
3228 3914
3229 3916
3230 3915
3231 3916
3232 3917
3233 3915
3234 3919
3235 3915
3236 3917
3237 3916
3238 3919
3239 3918
3240 3919
3241 3916
3242 3919
3243 3917
3244 3918
3245 3919
3246 3918
3247 3917
3248 3918
3249 3917
3250 3917
3251 3918
3252 3915
3253 3916
3254 3920
3255 3918
3256 3920
3257 3919
3258 3920
3259 3915
3260 3919
3261 3918
3262 3918
3263 3917
3264 3921
3265 3917
3266 3918
3267 3918
3268 3918
3269 3917
3270 3920
3271 3918
3272 3918
3273 3921
3274 3916
3275 3918
3276 3919
3277 3917
3278 3916
3279 3916
3280 3918
3281 3917
3282 3919
3283 3917
3284 3919
3285 3916
3286 3917
3287 3919
3288 3918
3289 3919
3290 3917
3291 3916
3292 3919
3293 3917
3294 3919
3295 3917
3296 3919
3297 3915
3298 3917
3299 3916
3300 3917
3301 3917
3302 3919
3303 3914
3304 3916
3305 3917
3306 3913
3307 3916
3308 3917
3309 3919
3310 3915
3311 3916
3312 3917
3313 3919
3314 3917
3315 3916
3316 3920
3317 3916
3318 3916
3319 3918
3320 3918
3321 3916
3322 3917
3323 3917
3324 3918
3325 3915
3326 3919
3327 3916
3328 3917
3329 3916
3330 3917
3331 3916
3332 3918
3333 3917
3334 3915
3335 3916
3336 3918
3337 3916
3338 3917
3339 3916
3340 3918
3341 3917
3342 3916
3343 3916
3344 3916
3345 3916
3346 3918
3347 3916
3348 3918
3349 3914
3350 3915
3351 3919
3352 3916
3353 3912
3354 3919
3355 3912
3356 3915
3357 3916
3358 3918
3359 3917
3360 3915
3361 3917
3362 3916
3363 3917
3364 3916
3365 3916
3366 3915
3367 3917
3368 3916
3369 3916
3370 3914
3371 3917
3372 3918
3373 3917
3374 3917
3375 3915
3376 3916
3377 3916
3378 3914
3379 3918
3380 3915
3381 3916
3382 3918
3383 3914
3384 3919
3385 3917
3386 3918
3387 3915
3388 3915
3389 3915
3390 3916
3391 3915
3392 3915
3393 3917
3394 3915
3395 3915
3396 3916
3397 3915
3398 3918
3399 3913
3400 3918
3401 3917
3402 3918
3403 3912
3404 3916
3405 3916
3406 3916
3407 3915
3408 3914
3409 3917
3410 3918
3411 3916
3412 3917
3413 3915
3414 3918
3415 3916
3416 3916
3417 3917
3418 3914
3419 3915
3420 3918
3421 3915
3422 3916
3423 3917
3424 3916
3425 3915
3426 3916
3427 3914
3428 3914
3429 3916
3430 3916
3431 3915
3432 3914
3433 3916
3434 3916
3435 3916
3436 3915
3437 3915
3438 3919
3439 3916
3440 3918
3441 3916
3442 3917
3443 3915
3444 3917
3445 3914
3446 3919
3447 3914
3448 3916
3449 3917
3450 3920
3451 3917
3452 3920
3453 3914
3454 3919
3455 3916
3456 3916
3457 3917
3458 3918
3459 3916
3460 3917
3461 3914
3462 3917
3463 3916
3464 3918
3465 3918
3466 3917
3467 3916
3468 3916
3469 3916
3470 3918
3471 3915
3472 3917
3473 3916
3474 3916
3475 3918
3476 3918
3477 3919
3478 3916
3479 3919
3480 3916
3481 3915
3482 3919
3483 3915
3484 3918
3485 3916
3486 3919
3487 3917
3488 3917
3489 3918
3490 3917
3491 3915
3492 3918
3493 3917
3494 3916
3495 3917
3496 3916
3497 3917
3498 3917
3499 3919
3500 3917
3501 3914
3502 3919
3503 3914
3504 3916
3505 3917
3506 3917
3507 3915
3508 3918
3509 3916
3510 3918
3511 3917
3512 3918
3513 3915
3514 3919
3515 3917
3516 3917
3517 3916
3518 3918
3519 3915
3520 3920
3521 3915
3522 3918
3523 3916
3524 3915
3525 3915
3526 3916
3527 3914
3528 3916
3529 3917
3530 3916
3531 3916
3532 3916
3533 3916
3534 3918
3535 3916
3536 3919
3537 3917
3538 3918
3539 3917
3540 3917
3541 3917
3542 3919
3543 3917
3544 3917
3545 3916
3546 3917
3547 3916
3548 3917
3549 3916
3550 3917
3551 3915
3552 3918
3553 3914
3554 3917
3555 3916
3556 3915
3557 3914
3558 3914
3559 3916
3560 3916
3561 3917
3562 3916
3563 3914
3564 3918
3565 3915
3566 3916
3567 3917
3568 3916
3569 3917
3570 3915
3571 3917
3572 3918
3573 3916
3574 3916
3575 3915
3576 3917
3577 3914
3578 3916
3579 3916
3580 3917
3581 3914
3582 3916
3583 3914
3584 3917
3585 3914
3586 3916
3587 3915
3588 3917
3589 3916
3590 3915
3591 3915
3592 3919
3593 3916
3594 3918
3595 3916
3596 3917
3597 3917
3598 3917
3599 3916
3600 3915
3601 3916
3602 3916
3603 3911
3604 3916
3605 3915
3606 3914
3607 3916
3608 3915
3609 3914
3610 3916
3611 3914
3612 3917
3613 3914
3614 3916
3615 3915
3616 3914
3617 3914
3618 3916
3619 3915
3620 3914
3621 3914
3622 3915
3623 3913
3624 3916
3625 3915
3626 3916
3627 3916
3628 3915
3629 3913
3630 3915
3631 3915
3632 3915
3633 3916
3634 3914
3635 3914
3636 3912
3637 3913
3638 3916
3639 3915
3640 3917
3641 3912
3642 3916
3643 3915
3644 3915
3645 3915
3646 3914
3647 3913
3648 3916
3649 3917
3650 3914
3651 3915
3652 3916
3653 3913
3654 3913
3655 3916
3656 3915
3657 3914
3658 3916
3659 3913
3660 3916
3661 3914
3662 3913
3663 3915
3664 3915
3665 3916
3666 3915
3667 3915
3668 3914
3669 3913
3670 3915
3671 3913
3672 3914
3673 3914
3674 3916
3675 3916
3676 3915
3677 3913
3678 3912
3679 3914
3680 3914
3681 3914
3682 3914
3683 3915
3684 3915
3685 3915
3686 3917
3687 3914
3688 3916
3689 3916
3690 3913
3691 3915
3692 3915
3693 3916
3694 3916
