#Data from the TCD1304 linear CCD
#column 1 = pixelnumber , column 2 = pixelvalue
#Pixel 1-32 and 3679-3694 and are dummy pixels
#SH-period: 400    ICG-period: 100000    Integration time: 200.0 mys
1 3953
2 3954
3 3954
4 3952
5 3957
6 3958
7 3955
8 3956
9 3954
10 3958
11 3954
12 3956
13 3954
14 3956
15 3952
16 3953
17 3954
18 3952
19 3952
20 3956
21 3956
22 3956
23 3962
24 3955
25 3958
26 3953
27 3954
28 3953
29 3955
30 3956
31 3952
32 3956
33 3958
34 3958
35 3952
36 3954
37 3954
38 3956
39 3956
40 3956
41 3953
42 3952
43 3953
44 3954
45 3959
46 3954
47 3954
48 3954
49 3958
50 3958
51 3954
52 3954
53 3952
54 3960
55 3952
56 3959
57 3956
58 3958
59 3956
60 3956
61 3954
62 3954
63 3958
64 3954
65 3953
66 3954
67 3954
68 3954
69 3956
70 3954
71 3954
72 3954
73 3954
74 3956
75 3956
76 3956
77 3952
78 3952
79 3952
80 3959
81 3952
82 3958
83 3956
84 3961
85 3954
86 3956
87 3952
88 3958
89 3958
90 3952
91 3953
92 3952
93 3958
94 3952
95 3958
96 3959
97 3958
98 3960
99 3956
100 3956
101 3955
102 3960
103 3952
104 3956
105 3956
106 3960
107 3958
108 3956
109 3958
110 3958
111 3952
112 3952
113 3952
114 3958
115 3956
116 3952
117 3958
118 3956
119 3960
120 3956
121 3952
122 3956
123 3953
124 3956
125 3956
126 3956
127 3952
128 3957
129 3953
130 3958
131 3956
132 3956
133 3956
134 3956
135 3958
136 3954
137 3952
138 3957
139 3952
140 3958
141 3954
142 3954
143 3952
144 3954
145 3954
146 3958
147 3954
148 3956
149 3958
150 3956
151 3952
152 3958
153 3952
154 3954
155 3954
156 3952
157 3954
158 3958
159 3956
160 3956
161 3954
162 3958
163 3954
164 3953
165 3954
166 3957
167 3953
168 3958
169 3954
170 3956
171 3952
172 3954
173 3952
174 3954
175 3958
176 3956
177 3952
178 3954
179 3956
180 3958
181 3957
182 3952
183 3952
184 3956
185 3955
186 3954
187 3954
188 3964
189 3956
190 3957
191 3956
192 3957
193 3952
194 3956
195 3956
196 3956
197 3956
198 3952
199 3956
200 3955
201 3957
202 3959
203 3948
204 3957
205 3954
206 3958
207 3956
208 3961
209 3958
210 3954
211 3956
212 3958
213 3954
214 3954
215 3956
216 3958
217 3953
218 3954
219 3952
220 3958
221 3957
222 3952
223 3954
224 3954
225 3956
226 3956
227 3954
228 3955
229 3956
230 3955
231 3952
232 3954
233 3952
234 3956
235 3958
236 3960
237 3958
238 3952
239 3954
240 3956
241 3954
242 3953
243 3952
244 3954
245 3953
246 3956
247 3958
248 3964
249 3957
250 3960
251 3956
252 3958
253 3954
254 3959
255 3955
256 3956
257 3958
258 3958
259 3954
260 3953
261 3952
262 3952
263 3957
264 3958
265 3956
266 3956
267 3956
268 3952
269 3952
270 3958
271 3958
272 3958
273 3953
274 3953
275 3952
276 3953
277 3956
278 3952
279 3954
280 3956
281 3953
282 3954
283 3954
284 3954
285 3956
286 3960
287 3956
288 3954
289 3957
290 3958
291 3952
292 3956
293 3956
294 3957
295 3954
296 3954
297 3956
298 3958
299 3953
300 3960
301 3958
302 3960
303 3954
304 3962
305 3952
306 3954
307 3952
308 3958
309 3956
310 3953
311 3954
312 3955
313 3956
314 3958
315 3956
316 3958
317 3952
318 3952
319 3954
320 3960
321 3952
322 3954
323 3954
324 3956
325 3956
326 3957
327 3956
328 3954
329 3956
330 3956
331 3954
332 3956
333 3954
334 3952
335 3954
336 3953
337 3953
338 3954
339 3958
340 3958
341 3952
342 3956
343 3956
344 3956
345 3954
346 3954
347 3952
348 3956
349 3958
350 3955
351 3954
352 3953
353 3952
354 3958
355 3956
356 3958
357 3954
358 3954
359 3954
360 3953
361 3955
362 3956
363 3952
364 3952
365 3958
366 3961
367 3956
368 3956
369 3954
370 3954
371 3958
372 3954
373 3954
374 3954
375 3956
376 3954
377 3957
378 3956
379 3952
380 3956
381 3953
382 3956
383 3954
384 3956
385 3953
386 3952
387 3952
388 3960
389 3957
390 3956
391 3956
392 3960
393 3958
394 3956
395 3954
396 3957
397 3956
398 3956
399 3952
400 3956
401 3958
402 3954
403 3952
404 3958
405 3955
406 3957
407 3952
408 3956
409 3953
410 3956
411 3960
412 3954
413 3954
414 3956
415 3956
416 3956
417 3956
418 3954
419 3956
420 3956
421 3957
422 3958
423 3954
424 3952
425 3956
426 3954
427 3956
428 3960
429 3956
430 3958
431 3954
432 3956
433 3960
434 3956
435 3960
436 3956
437 3956
438 3954
439 3954
440 3956
441 3955
442 3957
443 3956
444 3952
445 3956
446 3958
447 3956
448 3958
449 3956
450 3960
451 3958
452 3958
453 3956
454 3958
455 3956
456 3957
457 3956
458 3958
459 3952
460 3954
461 3954
462 3954
463 3954
464 3954
465 3958
466 3960
467 3956
468 3956
469 3954
470 3957
471 3954
472 3960
473 3956
474 3958
475 3954
476 3952
477 3954
478 3956
479 3957
480 3956
481 3956
482 3954
483 3953
484 3952
485 3952
486 3956
487 3957
488 3956
489 3956
490 3956
491 3957
492 3957
493 3957
494 3957
495 3954
496 3958
497 3954
498 3952
499 3953
500 3955
501 3952
502 3958
503 3956
504 3954
505 3952
506 3954
507 3956
508 3954
509 3956
510 3953
511 3957
512 3960
513 3958
514 3962
515 3954
516 3958
517 3952
518 3956
519 3953
520 3954
521 3956
522 3956
523 3959
524 3956
525 3958
526 3954
527 3952
528 3953
529 3957
530 3957
531 3952
532 3957
533 3958
534 3960
535 3956
536 3955
537 3954
538 3956
539 3956
540 3954
541 3954
542 3954
543 3958
544 3956
545 3958
546 3958
547 3952
548 3956
549 3955
550 3962
551 3954
552 3958
553 3956
554 3956
555 3954
556 3953
557 3958
558 3956
559 3954
560 3954
561 3952
562 3956
563 3952
564 3955
565 3954
566 3953
567 3956
568 3957
569 3952
570 3954
571 3952
572 3956
573 3958
574 3959
575 3960
576 3956
577 3956
578 3956
579 3956
580 3954
581 3952
582 3957
583 3954
584 3956
585 3957
586 3954
587 3955
588 3958
589 3952
590 3958
591 3956
592 3955
593 3956
594 3957
595 3956
596 3956
597 3954
598 3958
599 3953
600 3954
601 3956
602 3960
603 3956
604 3954
605 3954
606 3957
607 3957
608 3958
609 3954
610 3954
611 3957
612 3958
613 3958
614 3960
615 3958
616 3956
617 3958
618 3958
619 3958
620 3954
621 3960
622 3954
623 3956
624 3956
625 3956
626 3954
627 3952
628 3959
629 3958
630 3956
631 3957
632 3957
633 3956
634 3960
635 3956
636 3958
637 3959
638 3961
639 3954
640 3954
641 3956
642 3954
643 3957
644 3960
645 3958
646 3960
647 3958
648 3956
649 3956
650 3960
651 3962
652 3958
653 3956
654 3956
655 3959
656 3961
657 3960
658 3958
659 3954
660 3960
661 3957
662 3958
663 3958
664 3956
665 3954
666 3953
667 3964
668 3953
669 3957
670 3956
671 3958
672 3960
673 3956
674 3960
675 3959
676 3960
677 3956
678 3958
679 3956
680 3958
681 3953
682 3956
683 3956
684 3960
685 3954
686 3956
687 3956
688 3954
689 3958
690 3956
691 3956
692 3953
693 3961
694 3960
695 3959
696 3962
697 3959
698 3956
699 3954
700 3957
701 3957
702 3960
703 3957
704 3956
705 3956
706 3959
707 3954
708 3960
709 3956
710 3958
711 3957
712 3961
713 3957
714 3958
715 3957
716 3959
717 3960
718 3961
719 3960
720 3960
721 3956
722 3960
723 3956
724 3956
725 3954
726 3956
727 3958
728 3956
729 3960
730 3961
731 3952
732 3958
733 3958
734 3954
735 3957
736 3960
737 3960
738 3960
739 3958
740 3960
741 3960
742 3960
743 3957
744 3958
745 3957
746 3960
747 3956
748 3957
749 3958
750 3956
751 3956
752 3956
753 3956
754 3958
755 3958
756 3962
757 3956
758 3958
759 3958
760 3958
761 3956
762 3960
763 3958
764 3959
765 3957
766 3956
767 3956
768 3957
769 3961
770 3958
771 3956
772 3956
773 3957
774 3957
775 3956
776 3959
777 3958
778 3962
779 3956
780 3959
781 3958
782 3958
783 3956
784 3957
785 3957
786 3956
787 3957
788 3956
789 3957
790 3957
791 3958
792 3960
793 3954
794 3956
795 3960
796 3960
797 3958
798 3962
799 3960
800 3958
801 3956
802 3960
803 3953
804 3960
805 3954
806 3957
807 3958
808 3960
809 3956
810 3956
811 3956
812 3956
813 3957
814 3958
815 3967
816 3958
817 3954
818 3959
819 3958
820 3957
821 3960
822 3960
823 3956
824 3960
825 3958
826 3958
827 3958
828 3956
829 3960
830 3958
831 3959
832 3960
833 3957
834 3956
835 3956
836 3959
837 3958
838 3960
839 3959
840 3957
841 3960
842 3957
843 3958
844 3957
845 3954
846 3957
847 3958
848 3958
849 3959
850 3956
851 3956
852 3960
853 3958
854 3961
855 3957
856 3956
857 3957
858 3956
859 3962
860 3960
861 3962
862 3960
863 3957
864 3961
865 3957
866 3960
867 3962
868 3959
869 3954
870 3958
871 3960
872 3957
873 3961
874 3958
875 3958
876 3960
877 3962
878 3958
879 3955
880 3963
881 3961
882 3960
883 3958
884 3960
885 3956
886 3958
887 3955
888 3958
889 3958
890 3959
891 3958
892 3961
893 3958
894 3962
895 3957
896 3962
897 3960
898 3960
899 3956
900 3960
901 3962
902 3964
903 3956
904 3958
905 3964
906 3958
907 3958
908 3958
909 3958
910 3960
911 3960
912 3961
913 3957
914 3961
915 3958
916 3961
917 3958
918 3960
919 3958
920 3959
921 3957
922 3959
923 3961
924 3959
925 3956
926 3959
927 3959
928 3960
929 3960
930 3961
931 3956
932 3960
933 3956
934 3960
935 3954
936 3960
937 3959
938 3960
939 3958
940 3957
941 3956
942 3960
943 3958
944 3958
945 3959
946 3963
947 3956
948 3956
949 3959
950 3960
951 3961
952 3962
953 3956
954 3960
955 3959
956 3960
957 3957
958 3964
959 3958
960 3956
961 3956
962 3964
963 3958
964 3956
965 3958
966 3955
967 3956
968 3961
969 3960
970 3960
971 3956
972 3958
973 3957
974 3960
975 3961
976 3961
977 3957
978 3959
979 3960
980 3960
981 3958
982 3960
983 3962
984 3956
985 3958
986 3960
987 3958
988 3960
989 3962
990 3960
991 3959
992 3962
993 3959
994 3960
995 3961
996 3962
997 3958
998 3962
999 3960
1000 3957
1001 3959
1002 3966
1003 3958
1004 3960
1005 3964
1006 3960
1007 3954
1008 3957
1009 3958
1010 3959
1011 3958
1012 3959
1013 3960
1014 3961
1015 3962
1016 3961
1017 3957
1018 3962
1019 3960
1020 3957
1021 3958
1022 3960
1023 3959
1024 3961
1025 3957
1026 3963
1027 3958
1028 3959
1029 3958
1030 3966
1031 3958
1032 3961
1033 3960
1034 3957
1035 3961
1036 3961
1037 3958
1038 3960
1039 3961
1040 3962
1041 3960
1042 3960
1043 3959
1044 3959
1045 3957
1046 3960
1047 3957
1048 3959
1049 3957
1050 3957
1051 3960
1052 3961
1053 3960
1054 3960
1055 3960
1056 3960
1057 3962
1058 3960
1059 3961
1060 3960
1061 3963
1062 3958
1063 3956
1064 3960
1065 3956
1066 3958
1067 3960
1068 3959
1069 3957
1070 3962
1071 3960
1072 3959
1073 3960
1074 3962
1075 3960
1076 3958
1077 3960
1078 3958
1079 3960
1080 3960
1081 3959
1082 3958
1083 3961
1084 3960
1085 3958
1086 3961
1087 3960
1088 3962
1089 3955
1090 3958
1091 3959
1092 3960
1093 3960
1094 3961
1095 3956
1096 3959
1097 3961
1098 3960
1099 3961
1100 3963
1101 3957
1102 3960
1103 3957
1104 3961
1105 3960
1106 3960
1107 3961
1108 3960
1109 3958
1110 3962
1111 3961
1112 3960
1113 3960
1114 3962
1115 3960
1116 3958
1117 3961
1118 3960
1119 3960
1120 3963
1121 3960
1122 3960
1123 3958
1124 3960
1125 3962
1126 3961
1127 3960
1128 3961
1129 3960
1130 3958
1131 3964
1132 3960
1133 3962
1134 3960
1135 3962
1136 3962
1137 3958
1138 3960
1139 3958
1140 3959
1141 3959
1142 3958
1143 3959
1144 3963
1145 3957
1146 3960
1147 3956
1148 3962
1149 3960
1150 3963
1151 3957
1152 3962
1153 3960
1154 3960
1155 3956
1156 3963
1157 3962
1158 3960
1159 3960
1160 3960
1161 3958
1162 3960
1163 3961
1164 3962
1165 3959
1166 3959
1167 3959
1168 3960
1169 3956
1170 3960
1171 3958
1172 3960
1173 3958
1174 3959
1175 3962
1176 3960
1177 3958
1178 3957
1179 3960
1180 3960
1181 3960
1182 3960
1183 3958
1184 3966
1185 3955
1186 3954
1187 3960
1188 3961
1189 3959
1190 3959
1191 3959
1192 3961
1193 3960
1194 3959
1195 3960
1196 3962
1197 3962
1198 3960
1199 3958
1200 3961
1201 3960
1202 3960
1203 3961
1204 3960
1205 3957
1206 3962
1207 3959
1208 3960
1209 3964
1210 3962
1211 3957
1212 3962
1213 3964
1214 3961
1215 3960
1216 3961
1217 3957
1218 3956
1219 3957
1220 3958
1221 3959
1222 3961
1223 3962
1224 3955
1225 3957
1226 3960
1227 3960
1228 3959
1229 3959
1230 3964
1231 3958
1232 3959
1233 3956
1234 3959
1235 3961
1236 3960
1237 3954
1238 3963
1239 3961
1240 3956
1241 3954
1242 3955
1243 3954
1244 3961
1245 3956
1246 3963
1247 3960
1248 3964
1249 3962
1250 3962
1251 3959
1252 3957
1253 3958
1254 3962
1255 3957
1256 3961
1257 3958
1258 3960
1259 3956
1260 3961
1261 3955
1262 3957
1263 3953
1264 3957
1265 3960
1266 3962
1267 3956
1268 3961
1269 3958
1270 3961
1271 3961
1272 3965
1273 3960
1274 3958
1275 3961
1276 3964
1277 3960
1278 3962
1279 3956
1280 3954
1281 3957
1282 3962
1283 3959
1284 3958
1285 3955
1286 3961
1287 3959
1288 3961
1289 3960
1290 3960
1291 3961
1292 3961
1293 3961
1294 3962
1295 3957
1296 3955
1297 3958
1298 3955
1299 3954
1300 3961
1301 3957
1302 3952
1303 3952
1304 3961
1305 3956
1306 3960
1307 3959
1308 3960
1309 3958
1310 3961
1311 3962
1312 3960
1313 3958
1314 3960
1315 3958
1316 3958
1317 3960
1318 3960
1319 3955
1320 3959
1321 3952
1322 3957
1323 3961
1324 3960
1325 3957
1326 3957
1327 3962
1328 3964
1329 3957
1330 3961
1331 3957
1332 3963
1333 3960
1334 3963
1335 3956
1336 3955
1337 3952
1338 3953
1339 3955
1340 3959
1341 3957
1342 3957
1343 3955
1344 3958
1345 3960
1346 3961
1347 3960
1348 3961
1349 3960
1350 3962
1351 3957
1352 3958
1353 3955
1354 3957
1355 3953
1356 3958
1357 3952
1358 3960
1359 3955
1360 3952
1361 3954
1362 3957
1363 3959
1364 3963
1365 3960
1366 3957
1367 3957
1368 3960
1369 3959
1370 3958
1371 3957
1372 3957
1373 3960
1374 3959
1375 3958
1376 3953
1377 3952
1378 3960
1379 3954
1380 3960
1381 3957
1382 3954
1383 3960
1384 3960
1385 3961
1386 3962
1387 3959
1388 3963
1389 3958
1390 3961
1391 3960
1392 3955
1393 3954
1394 3952
1395 3953
1396 3958
1397 3957
1398 3954
1399 3959
1400 3957
1401 3957
1402 3957
1403 3953
1404 3955
1405 3957
1406 3961
1407 3960
1408 3961
1409 3956
1410 3961
1411 3952
1412 3960
1413 3952
1414 3960
1415 3954
1416 3953
1417 3952
1418 3959
1419 3959
1420 3957
1421 3956
1422 3959
1423 3960
1424 3958
1425 3958
1426 3960
1427 3958
1428 3956
1429 3954
1430 3957
1431 3959
1432 3961
1433 3954
1434 3952
1435 3957
1436 3959
1437 3952
1438 3958
1439 3956
1440 3957
1441 3958
1442 3961
1443 3959
1444 3957
1445 3954
1446 3958
1447 3959
1448 3960
1449 3959
1450 3955
1451 3954
1452 3956
1453 3957
1454 3953
1455 3954
1456 3958
1457 3956
1458 3956
1459 3956
1460 3960
1461 3954
1462 3958
1463 3960
1464 3960
1465 3957
1466 3961
1467 3956
1468 3959
1469 3959
1470 3959
1471 3954
1472 3947
1473 3952
1474 3952
1475 3960
1476 3961
1477 3954
1478 3954
1479 3959
1480 3956
1481 3959
1482 3961
1483 3958
1484 3955
1485 3959
1486 3956
1487 3960
1488 3956
1489 3956
1490 3959
1491 3953
1492 3958
1493 3955
1494 3952
1495 3952
1496 3958
1497 3953
1498 3956
1499 3963
1500 3961
1501 3953
1502 3954
1503 3956
1504 3960
1505 3958
1506 3959
1507 3958
1508 3957
1509 3957
1510 3953
1511 3958
1512 3954
1513 3953
1514 3954
1515 3952
1516 3954
1517 3952
1518 3958
1519 3953
1520 3958
1521 3954
1522 3959
1523 3952
1524 3955
1525 3959
1526 3955
1527 3954
1528 3957
1529 3952
1530 3956
1531 3955
1532 3955
1533 3956
1534 3955
1535 3953
1536 3952
1537 3959
1538 3958
1539 3952
1540 3958
1541 3957
1542 3956
1543 3955
1544 3959
1545 3956
1546 3952
1547 3957
1548 3954
1549 3959
1550 3953
1551 3952
1552 3954
1553 3956
1554 3957
1555 3957
1556 3952
1557 3959
1558 3956
1559 3952
1560 3958
1561 3958
1562 3953
1563 3952
1564 3957
1565 3955
1566 3958
1567 3960
1568 3956
1569 3956
1570 3960
1571 3952
1572 3952
1573 3963
1574 3957
1575 3952
1576 3961
1577 3952
1578 3947
1579 3961
1580 3952
1581 3956
1582 3959
1583 3957
1584 3952
1585 3959
1586 3960
1587 3957
1588 3956
1589 3955
1590 3952
1591 3952
1592 3956
1593 3956
1594 3958
1595 3946
1596 3957
1597 3952
1598 3958
1599 3957
1600 3955
1601 3952
1602 3961
1603 3957
1604 3952
1605 3952
1606 3958
1607 3952
1608 3953
1609 3952
1610 3954
1611 3955
1612 3952
1613 3959
1614 3952
1615 3958
1616 3952
1617 3959
1618 3953
1619 3952
1620 3958
1621 3955
1622 3952
1623 3956
1624 3957
1625 3952
1626 3960
1627 3948
1628 3959
1629 3955
1630 3958
1631 3959
1632 3952
1633 3958
1634 3954
1635 3957
1636 3955
1637 3952
1638 3958
1639 3958
1640 3953
1641 3955
1642 3961
1643 3952
1644 3960
1645 3956
1646 3957
1647 3956
1648 3955
1649 3959
1650 3956
1651 3955
1652 3955
1653 3959
1654 3952
1655 3952
1656 3958
1657 3957
1658 3954
1659 3952
1660 3959
1661 3948
1662 3956
1663 3954
1664 3963
1665 3952
1666 3956
1667 3957
1668 3958
1669 3955
1670 3952
1671 3955
1672 3952
1673 3957
1674 3956
1675 3959
1676 3954
1677 3959
1678 3961
1679 3952
1680 3958
1681 3956
1682 3955
1683 3956
1684 3954
1685 3955
1686 3952
1687 3958
1688 3961
1689 3952
1690 3961
1691 3960
1692 3953
1693 3952
1694 3957
1695 3954
1696 3956
1697 3953
1698 3960
1699 3953
1700 3954
1701 3948
1702 3960
1703 3957
1704 3958
1705 3956
1706 3956
1707 3952
1708 3960
1709 3952
1710 3959
1711 3952
1712 3961
1713 3952
1714 3960
1715 3957
1716 3955
1717 3955
1718 3961
1719 3948
1720 3958
1721 3953
1722 3955
1723 3952
1724 3960
1725 3957
1726 3952
1727 3954
1728 3956
1729 3958
1730 3956
1731 3952
1732 3952
1733 3953
1734 3952
1735 3954
1736 3958
1737 3952
1738 3956
1739 3952
1740 3955
1741 3954
1742 3955
1743 3953
1744 3952
1745 3952
1746 3959
1747 3954
1748 3960
1749 3952
1750 3961
1751 3952
1752 3960
1753 3953
1754 3959
1755 3955
1756 3952
1757 3957
1758 3952
1759 3952
1760 3958
1761 3952
1762 3954
1763 3959
1764 3960
1765 3958
1766 3959
1767 3952
1768 3952
1769 3957
1770 3952
1771 3957
1772 3952
1773 3952
1774 3960
1775 3952
1776 3962
1777 3952
1778 3960
1779 3955
1780 3962
1781 3958
1782 3961
1783 3960
1784 3948
1785 3956
1786 3957
1787 3958
1788 3955
1789 3954
1790 3959
1791 3959
1792 3956
1793 3955
1794 3952
1795 3960
1796 3952
1797 3952
1798 3952
1799 3957
1800 3958
1801 3959
1802 3952
1803 3954
1804 3955
1805 3956
1806 3954
1807 3952
1808 3956
1809 3949
1810 3956
1811 3960
1812 3957
1813 3961
1814 3952
1815 3952
1816 3961
1817 3955
1818 3957
1819 3954
1820 3959
1821 3952
1822 3954
1823 3960
1824 3946
1825 3954
1826 3953
1827 3954
1828 3961
1829 3959
1830 3954
1831 3952
1832 3952
1833 3952
1834 3960
1835 3956
1836 3961
1837 3959
1838 3960
1839 3952
1840 3961
1841 3956
1842 3961
1843 3954
1844 3952
1845 3952
1846 3955
1847 3955
1848 3956
1849 3954
1850 3960
1851 3954
1852 3954
1853 3952
1854 3960
1855 3963
1856 3953
1857 3955
1858 3956
1859 3952
1860 3961
1861 3957
1862 3955
1863 3952
1864 3952
1865 3954
1866 3956
1867 3956
1868 3953
1869 3953
1870 3962
1871 3948
1872 3954
1873 3952
1874 3953
1875 3961
1876 3956
1877 3956
1878 3952
1879 3961
1880 3952
1881 3959
1882 3956
1883 3952
1884 3952
1885 3954
1886 3953
1887 3954
1888 3961
1889 3954
1890 3954
1891 3954
1892 3957
1893 3953
1894 3952
1895 3957
1896 3952
1897 3958
1898 3960
1899 3955
1900 3954
1901 3952
1902 3953
1903 3947
1904 3958
1905 3952
1906 3958
1907 3956
1908 3955
1909 3952
1910 3954
1911 3954
1912 3955
1913 3956
1914 3956
1915 3954
1916 3958
1917 3958
1918 3961
1919 3953
1920 3960
1921 3960
1922 3953
1923 3955
1924 3959
1925 3954
1926 3957
1927 3958
1928 3953
1929 3954
1930 3952
1931 3954
1932 3952
1933 3949
1934 3958
1935 3959
1936 3953
1937 3956
1938 3947
1939 3954
1940 3958
1941 3961
1942 3961
1943 3953
1944 3957
1945 3955
1946 3958
1947 3952
1948 3954
1949 3957
1950 3960
1951 3954
1952 3954
1953 3958
1954 3960
1955 3956
1956 3957
1957 3953
1958 3959
1959 3954
1960 3962
1961 3955
1962 3952
1963 3952
1964 3960
1965 3959
1966 3952
1967 3954
1968 3957
1969 3952
1970 3958
1971 3952
1972 3948
1973 3954
1974 3952
1975 3952
1976 3948
1977 3952
1978 3954
1979 3956
1980 3961
1981 3958
1982 3956
1983 3956
1984 3957
1985 3958
1986 3954
1987 3952
1988 3952
1989 3956
1990 3952
1991 3952
1992 3952
1993 3957
1994 3944
1995 3953
1996 3958
1997 3957
1998 3952
1999 3954
2000 3955
2001 3953
2002 3956
2003 3954
2004 3952
2005 3955
2006 3956
2007 3952
2008 3956
2009 3956
2010 3956
2011 3955
2012 3956
2013 3953
2014 3955
2015 3953
2016 3956
2017 3955
2018 3953
2019 3957
2020 3953
2021 3954
2022 3952
2023 3958
2024 3953
2025 3952
2026 3956
2027 3948
2028 3952
2029 3960
2030 3956
2031 3952
2032 3952
2033 3955
2034 3954
2035 3954
2036 3958
2037 3956
2038 3953
2039 3956
2040 3953
2041 3952
2042 3959
2043 3952
2044 3954
2045 3958
2046 3954
2047 3956
2048 3957
2049 3952
2050 3957
2051 3953
2052 3954
2053 3952
2054 3952
2055 3952
2056 3952
2057 3946
2058 3955
2059 3958
2060 3955
2061 3947
2062 3952
2063 3956
2064 3955
2065 3952
2066 3955
2067 3958
2068 3956
2069 3956
2070 3956
2071 3960
2072 3958
2073 3954
2074 3961
2075 3958
2076 3959
2077 3953
2078 3953
2079 3952
2080 3958
2081 3961
2082 3958
2083 3958
2084 3956
2085 3955
2086 3957
2087 3953
2088 3959
2089 3959
2090 3953
2091 3954
2092 3960
2093 3955
2094 3959
2095 3955
2096 3960
2097 3952
2098 3958
2099 3952
2100 3952
2101 3952
2102 3960
2103 3952
2104 3958
2105 3952
2106 3952
2107 3952
2108 3958
2109 3957
2110 3961
2111 3958
2112 3953
2113 3952
2114 3960
2115 3952
2116 3955
2117 3952
2118 3953
2119 3955
2120 3955
2121 3952
2122 3957
2123 3952
2124 3954
2125 3960
2126 3958
2127 3956
2128 3953
2129 3952
2130 3956
2131 3960
2132 3957
2133 3959
2134 3958
2135 3952
2136 3949
2137 3955
2138 3953
2139 3953
2140 3952
2141 3954
2142 3956
2143 3948
2144 3955
2145 3962
2146 3956
2147 3954
2148 3955
2149 3958
2150 3956
2151 3956
2152 3960
2153 3956
2154 3962
2155 3952
2156 3948
2157 3956
2158 3954
2159 3952
2160 3952
2161 3955
2162 3953
2163 3953
2164 3952
2165 3955
2166 3952
2167 3954
2168 3957
2169 3954
2170 3958
2171 3957
2172 3953
2173 3954
2174 3957
2175 3952
2176 3953
2177 3954
2178 3952
2179 3955
2180 3956
2181 3955
2182 3952
2183 3952
2184 3955
2185 3952
2186 3957
2187 3958
2188 3959
2189 3952
2190 3956
2191 3959
2192 3960
2193 3958
2194 3953
2195 3953
2196 3953
2197 3958
2198 3952
2199 3952
2200 3956
2201 3957
2202 3958
2203 3952
2204 3952
2205 3952
2206 3957
2207 3952
2208 3955
2209 3953
2210 3953
2211 3953
2212 3954
2213 3953
2214 3962
2215 3952
2216 3953
2217 3952
2218 3952
2219 3956
2220 3955
2221 3952
2222 3952
2223 3955
2224 3952
2225 3952
2226 3958
2227 3952
2228 3952
2229 3958
2230 3957
2231 3957
2232 3952
2233 3952
2234 3952
2235 3952
2236 3958
2237 3960
2238 3953
2239 3952
2240 3957
2241 3952
2242 3955
2243 3957
2244 3954
2245 3956
2246 3956
2247 3947
2248 3955
2249 3956
2250 3957
2251 3952
2252 3955
2253 3957
2254 3956
2255 3954
2256 3953
2257 3954
2258 3954
2259 3957
2260 3952
2261 3952
2262 3961
2263 3957
2264 3958
2265 3955
2266 3955
2267 3956
2268 3952
2269 3953
2270 3959
2271 3952
2272 3956
2273 3954
2274 3956
2275 3960
2276 3956
2277 3948
2278 3960
2279 3956
2280 3958
2281 3956
2282 3953
2283 3957
2284 3953
2285 3953
2286 3957
2287 3952
2288 3955
2289 3956
2290 3947
2291 3955
2292 3953
2293 3952
2294 3952
2295 3955
2296 3953
2297 3947
2298 3957
2299 3952
2300 3956
2301 3953
2302 3952
2303 3952
2304 3948
2305 3953
2306 3954
2307 3952
2308 3953
2309 3952
2310 3958
2311 3952
2312 3956
2313 3952
2314 3960
2315 3954
2316 3949
2317 3948
2318 3956
2319 3952
2320 3955
2321 3953
2322 3952
2323 3952
2324 3954
2325 3948
2326 3953
2327 3954
2328 3961
2329 3955
2330 3952
2331 3954
2332 3954
2333 3952
2334 3952
2335 3959
2336 3948
2337 3948
2338 3952
2339 3952
2340 3956
2341 3953
2342 3955
2343 3946
2344 3952
2345 3947
2346 3952
2347 3953
2348 3948
2349 3955
2350 3953
2351 3956
2352 3955
2353 3955
2354 3953
2355 3953
2356 3952
2357 3952
2358 3952
2359 3954
2360 3957
2361 3953
2362 3952
2363 3952
2364 3954
2365 3952
2366 3947
2367 3952
2368 3955
2369 3954
2370 3954
2371 3955
2372 3954
2373 3952
2374 3954
2375 3949
2376 3954
2377 3960
2378 3952
2379 3956
2380 3952
2381 3946
2382 3954
2383 3957
2384 3952
2385 3952
2386 3952
2387 3953
2388 3957
2389 3953
2390 3956
2391 3953
2392 3957
2393 3952
2394 3955
2395 3953
2396 3956
2397 3953
2398 3948
2399 3955
2400 3953
2401 3954
2402 3953
2403 3953
2404 3956
2405 3954
2406 3957
2407 3952
2408 3954
2409 3949
2410 3954
2411 3955
2412 3952
2413 3953
2414 3952
2415 3952
2416 3952
2417 3953
2418 3955
2419 3954
2420 3953
2421 3949
2422 3952
2423 3952
2424 3947
2425 3952
2426 3952
2427 3947
2428 3947
2429 3946
2430 3945
2431 3946
2432 3944
2433 3942
2434 3941
2435 3944
2436 3944
2437 3941
2438 3938
2439 3941
2440 3940
2441 3944
2442 3941
2443 3939
2444 3941
2445 3933
2446 3937
2447 3931
2448 3933
2449 3926
2450 3933
2451 3928
2452 3923
2453 3922
2454 3920
2455 3920
2456 3920
2457 3912
2458 3920
2459 3905
2460 3900
2461 3891
2462 3890
2463 3878
2464 3879
2465 3888
2466 3857
2467 3824
2468 3802
2469 3774
2470 3768
2471 3753
2472 3743
2473 3713
2474 3636
2475 3539
2476 3483
2477 3414
2478 3408
2479 3365
2480 3299
2481 3220
2482 3134
2483 3024
2484 2919
2485 2861
2486 2835
2487 2864
2488 2910
2489 2888
2490 2878
2491 2883
2492 2943
2493 3024
2494 3058
2495 3088
2496 3099
2497 3147
2498 3203
2499 3296
2500 3370
2501 3440
2502 3520
2503 3595
2504 3686
2505 3741
2506 3777
2507 3810
2508 3842
2509 3857
2510 3861
2511 3881
2512 3900
2513 3904
2514 3915
2515 3908
2516 3912
2517 3914
2518 3927
2519 3934
2520 3934
2521 3926
2522 3934
2523 3934
2524 3938
2525 3941
2526 3940
2527 3934
2528 3936
2529 3940
2530 3938
2531 3938
2532 3941
2533 3938
2534 3940
2535 3952
2536 3942
2537 3943
2538 3952
2539 3942
2540 3945
2541 3941
2542 3952
2543 3952
2544 3946
2545 3952
2546 3948
2547 3944
2548 3945
2549 3948
2550 3942
2551 3946
2552 3944
2553 3946
2554 3947
2555 3946
2556 3944
2557 3952
2558 3952
2559 3954
2560 3952
2561 3948
2562 3954
2563 3946
2564 3952
2565 3948
2566 3947
2567 3952
2568 3948
2569 3946
2570 3952
2571 3952
2572 3952
2573 3952
2574 3952
2575 3952
2576 3954
2577 3949
2578 3954
2579 3952
2580 3955
2581 3955
2582 3945
2583 3952
2584 3953
2585 3952
2586 3947
2587 3953
2588 3952
2589 3952
2590 3952
2591 3952
2592 3952
2593 3954
2594 3958
2595 3952
2596 3948
2597 3954
2598 3952
2599 3944
2600 3952
2601 3953
2602 3952
2603 3954
2604 3952
2605 3958
2606 3952
2607 3956
2608 3959
2609 3953
2610 3952
2611 3952
2612 3952
2613 3954
2614 3954
2615 3952
2616 3952
2617 3954
2618 3952
2619 3956
2620 3958
2621 3952
2622 3954
2623 3958
2624 3955
2625 3952
2626 3958
2627 3958
2628 3954
2629 3953
2630 3952
2631 3952
2632 3952
2633 3958
2634 3954
2635 3952
2636 3954
2637 3948
2638 3956
2639 3954
2640 3954
2641 3952
2642 3952
2643 3956
2644 3955
2645 3954
2646 3953
2647 3952
2648 3956
2649 3953
2650 3952
2651 3952
2652 3956
2653 3954
2654 3958
2655 3952
2656 3947
2657 3956
2658 3952
2659 3955
2660 3952
2661 3954
2662 3956
2663 3954
2664 3952
2665 3955
2666 3959
2667 3952
2668 3952
2669 3958
2670 3954
2671 3957
2672 3955
2673 3952
2674 3952
2675 3955
2676 3952
2677 3955
2678 3952
2679 3957
2680 3957
2681 3954
2682 3952
2683 3952
2684 3954
2685 3952
2686 3959
2687 3956
2688 3955
2689 3955
2690 3960
2691 3958
2692 3952
2693 3953
2694 3952
2695 3955
2696 3956
2697 3955
2698 3954
2699 3954
2700 3952
2701 3952
2702 3952
2703 3952
2704 3954
2705 3952
2706 3952
2707 3952
2708 3957
2709 3960
2710 3954
2711 3953
2712 3955
2713 3956
2714 3955
2715 3956
2716 3953
2717 3952
2718 3955
2719 3953
2720 3954
2721 3952
2722 3946
2723 3952
2724 3952
2725 3954
2726 3952
2727 3952
2728 3952
2729 3952
2730 3954
2731 3952
2732 3959
2733 3954
2734 3952
2735 3952
2736 3953
2737 3952
2738 3954
2739 3952
2740 3952
2741 3960
2742 3955
2743 3957
2744 3952
2745 3952
2746 3952
2747 3959
2748 3955
2749 3953
2750 3952
2751 3952
2752 3952
2753 3952
2754 3954
2755 3955
2756 3952
2757 3952
2758 3954
2759 3954
2760 3957
2761 3955
2762 3954
2763 3946
2764 3952
2765 3952
2766 3952
2767 3956
2768 3958
2769 3954
2770 3954
2771 3952
2772 3952
2773 3952
2774 3954
2775 3956
2776 3958
2777 3952
2778 3952
2779 3948
2780 3954
2781 3954
2782 3953
2783 3956
2784 3952
2785 3952
2786 3952
2787 3957
2788 3956
2789 3952
2790 3952
2791 3952
2792 3956
2793 3952
2794 3952
2795 3956
2796 3952
2797 3954
2798 3954
2799 3952
2800 3955
2801 3956
2802 3952
2803 3958
2804 3952
2805 3954
2806 3954
2807 3954
2808 3958
2809 3963
2810 3954
2811 3959
2812 3954
2813 3953
2814 3954
2815 3960
2816 3956
2817 3952
2818 3956
2819 3954
2820 3953
2821 3952
2822 3958
2823 3956
2824 3956
2825 3958
2826 3955
2827 3954
2828 3957
2829 3958
2830 3959
2831 3957
2832 3960
2833 3956
2834 3954
2835 3952
2836 3955
2837 3952
2838 3952
2839 3954
2840 3952
2841 3954
2842 3954
2843 3956
2844 3954
2845 3956
2846 3958
2847 3952
2848 3954
2849 3958
2850 3956
2851 3960
2852 3958
2853 3956
2854 3960
2855 3960
2856 3952
2857 3952
2858 3955
2859 3958
2860 3952
2861 3958
2862 3958
2863 3952
2864 3958
2865 3952
2866 3960
2867 3958
2868 3955
2869 3954
2870 3954
2871 3954
2872 3959
2873 3957
2874 3952
2875 3956
2876 3956
2877 3958
2878 3958
2879 3954
2880 3960
2881 3952
2882 3954
2883 3958
2884 3956
2885 3954
2886 3958
2887 3952
2888 3954
2889 3954
2890 3956
2891 3954
2892 3956
2893 3954
2894 3958
2895 3958
2896 3960
2897 3956
2898 3955
2899 3956
2900 3956
2901 3954
2902 3955
2903 3952
2904 3954
2905 3954
2906 3954
2907 3955
2908 3955
2909 3952
2910 3952
2911 3954
2912 3960
2913 3956
2914 3957
2915 3952
2916 3958
2917 3956
2918 3960
2919 3958
2920 3959
2921 3952
2922 3955
2923 3952
2924 3954
2925 3957
2926 3955
2927 3948
2928 3952
2929 3952
2930 3952
2931 3954
2932 3952
2933 3952
2934 3954
2935 3958
2936 3958
2937 3954
2938 3955
2939 3955
2940 3955
2941 3954
2942 3956
2943 3954
2944 3954
2945 3952
2946 3952
2947 3952
2948 3954
2949 3952
2950 3953
2951 3952
2952 3954
2953 3952
2954 3954
2955 3952
2956 3954
2957 3955
2958 3958
2959 3952
2960 3954
2961 3952
2962 3954
2963 3954
2964 3954
2965 3954
2966 3952
2967 3952
2968 3958
2969 3958
2970 3955
2971 3956
2972 3952
2973 3952
2974 3954
2975 3955
2976 3956
2977 3954
2978 3954
2979 3952
2980 3955
2981 3956
2982 3954
2983 3952
2984 3956
2985 3954
2986 3953
2987 3953
2988 3954
2989 3952
2990 3956
2991 3955
2992 3952
2993 3954
2994 3955
2995 3954
2996 3954
2997 3954
2998 3954
2999 3954
3000 3952
3001 3953
3002 3952
3003 3954
3004 3957
3005 3952
3006 3954
3007 3956
3008 3955
3009 3952
3010 3952
3011 3952
3012 3956
3013 3952
3014 3955
3015 3954
3016 3952
3017 3955
3018 3954
3019 3955
3020 3958
3021 3954
3022 3952
3023 3953
3024 3956
3025 3952
3026 3955
3027 3952
3028 3952
3029 3952
3030 3956
3031 3954
3032 3940
3033 3952
3034 3953
3035 3952
3036 3958
3037 3958
3038 3954
3039 3952
3040 3956
3041 3957
3042 3953
3043 3956
3044 3956
3045 3953
3046 3956
3047 3954
3048 3952
3049 3948
3050 3952
3051 3952
3052 3952
3053 3954
3054 3954
3055 3953
3056 3954
3057 3954
3058 3952
3059 3952
3060 3956
3061 3952
3062 3954
3063 3958
3064 3954
3065 3952
3066 3955
3067 3954
3068 3956
3069 3952
3070 3956
3071 3956
3072 3953
3073 3959
3074 3958
3075 3952
3076 3953
3077 3952
3078 3952
3079 3952
3080 3952
3081 3955
3082 3952
3083 3958
3084 3952
3085 3954
3086 3956
3087 3955
3088 3954
3089 3952
3090 3956
3091 3956
3092 3954
3093 3952
3094 3956
3095 3953
3096 3961
3097 3952
3098 3952
3099 3956
3100 3952
3101 3952
3102 3961
3103 3952
3104 3952
3105 3953
3106 3952
3107 3954
3108 3952
3109 3960
3110 3952
3111 3952
3112 3953
3113 3956
3114 3959
3115 3958
3116 3956
3117 3946
3118 3954
3119 3955
3120 3954
3121 3956
3122 3955
3123 3947
3124 3957
3125 3954
3126 3961
3127 3955
3128 3956
3129 3954
3130 3952
3131 3953
3132 3954
3133 3954
3134 3956
3135 3957
3136 3959
3137 3954
3138 3958
3139 3960
3140 3956
3141 3952
3142 3961
3143 3954
3144 3956
3145 3953
3146 3953
3147 3955
3148 3960
3149 3954
3150 3954
3151 3953
3152 3958
3153 3952
3154 3955
3155 3954
3156 3952
3157 3953
3158 3958
3159 3948
3160 3954
3161 3956
3162 3957
3163 3952
3164 3956
3165 3957
3166 3954
3167 3958
3168 3954
3169 3954
3170 3952
3171 3952
3172 3952
3173 3952
3174 3954
3175 3954
3176 3955
3177 3952
3178 3954
3179 3952
3180 3959
3181 3956
3182 3956
3183 3952
3184 3958
3185 3957
3186 3956
3187 3956
3188 3954
3189 3955
3190 3953
3191 3953
3192 3954
3193 3954
3194 3948
3195 3946
3196 3947
3197 3952
3198 3954
3199 3952
3200 3952
3201 3947
3202 3959
3203 3954
3204 3957
3205 3955
3206 3953
3207 3954
3208 3956
3209 3956
3210 3946
3211 3952
3212 3952
3213 3952
3214 3955
3215 3952
3216 3952
3217 3948
3218 3952
3219 3952
3220 3957
3221 3954
3222 3953
3223 3952
3224 3955
3225 3954
3226 3958
3227 3955
3228 3954
3229 3952
3230 3952
3231 3952
3232 3954
3233 3947
3234 3947
3235 3949
3236 3952
3237 3952
3238 3949
3239 3952
3240 3952
3241 3956
3242 3955
3243 3952
3244 3952
3245 3952
3246 3952
3247 3954
3248 3958
3249 3952
3250 3952
3251 3952
3252 3952
3253 3947
3254 3952
3255 3946
3256 3954
3257 3948
3258 3952
3259 3954
3260 3954
3261 3948
3262 3954
3263 3954
3264 3952
3265 3955
3266 3948
3267 3952
3268 3952
3269 3952
3270 3952
3271 3953
3272 3952
3273 3948
3274 3952
3275 3948
3276 3954
3277 3948
3278 3953
3279 3952
3280 3952
3281 3952
3282 3958
3283 3952
3284 3952
3285 3952
3286 3952
3287 3952
3288 3947
3289 3948
3290 3952
3291 3952
3292 3955
3293 3952
3294 3954
3295 3952
3296 3954
3297 3952
3298 3952
3299 3947
3300 3953
3301 3952
3302 3958
3303 3952
3304 3949
3305 3949
3306 3952
3307 3955
3308 3958
3309 3954
3310 3948
3311 3952
3312 3957
3313 3948
3314 3954
3315 3952
3316 3954
3317 3946
3318 3954
3319 3952
3320 3959
3321 3948
3322 3958
3323 3954
3324 3948
3325 3952
3326 3958
3327 3952
3328 3952
3329 3952
3330 3954
3331 3954
3332 3954
3333 3952
3334 3955
3335 3962
3336 3954
3337 3952
3338 3952
3339 3952
3340 3954
3341 3954
3342 3953
3343 3956
3344 3954
3345 3954
3346 3952
3347 3954
3348 3958
3349 3952
3350 3956
3351 3954
3352 3952
3353 3952
3354 3953
3355 3958
3356 3957
3357 3955
3358 3956
3359 3954
3360 3952
3361 3955
3362 3958
3363 3955
3364 3952
3365 3952
3366 3959
3367 3953
3368 3952
3369 3953
3370 3948
3371 3954
3372 3952
3373 3948
3374 3953
3375 3954
3376 3952
3377 3952
3378 3958
3379 3956
3380 3953
3381 3952
3382 3954
3383 3954
3384 3955
3385 3948
3386 3957
3387 3956
3388 3958
3389 3954
3390 3948
3391 3952
3392 3952
3393 3952
3394 3954
3395 3953
3396 3952
3397 3953
3398 3953
3399 3954
3400 3955
3401 3953
3402 3956
3403 3952
3404 3955
3405 3952
3406 3954
3407 3953
3408 3955
3409 3954
3410 3953
3411 3954
3412 3953
3413 3953
3414 3954
3415 3952
3416 3953
3417 3954
3418 3955
3419 3955
3420 3953
3421 3952
3422 3954
3423 3954
3424 3955
3425 3952
3426 3953
3427 3955
3428 3954
3429 3956
3430 3954
3431 3956
3432 3955
3433 3954
3434 3954
3435 3955
3436 3952
3437 3956
3438 3953
3439 3955
3440 3954
3441 3952
3442 3953
3443 3954
3444 3958
3445 3957
3446 3952
3447 3953
3448 3952
3449 3953
3450 3954
3451 3952
3452 3953
3453 3953
3454 3954
3455 3952
3456 3956
3457 3957
3458 3956
3459 3953
3460 3952
3461 3955
3462 3962
3463 3961
3464 3953
3465 3952
3466 3952
3467 3954
3468 3957
3469 3953
3470 3956
3471 3956
3472 3954
3473 3957
3474 3953
3475 3953
3476 3958
3477 3954
3478 3954
3479 3952
3480 3954
3481 3952
3482 3954
3483 3953
3484 3959
3485 3957
3486 3955
3487 3954
3488 3954
3489 3955
3490 3957
3491 3955
3492 3958
3493 3955
3494 3954
3495 3956
3496 3953
3497 3957
3498 3957
3499 3954
3500 3952
3501 3952
3502 3952
3503 3955
3504 3957
3505 3961
3506 3957
3507 3955
3508 3954
3509 3955
3510 3954
3511 3956
3512 3959
3513 3953
3514 3960
3515 3960
3516 3956
3517 3953
3518 3954
3519 3956
3520 3954
3521 3956
3522 3958
3523 3953
3524 3952
3525 3952
3526 3952
3527 3960
3528 3957
3529 3956
3530 3952
3531 3953
3532 3955
3533 3957
3534 3961
3535 3952
3536 3952
3537 3952
3538 3957
3539 3957
3540 3959
3541 3952
3542 3955
3543 3947
3544 3958
3545 3948
3546 3956
3547 3957
3548 3954
3549 3955
3550 3957
3551 3952
3552 3952
3553 3957
3554 3953
3555 3961
3556 3957
3557 3946
3558 3948
3559 3956
3560 3957
3561 3948
3562 3952
3563 3953
3564 3954
3565 3947
3566 3952
3567 3953
3568 3952
3569 3952
3570 3959
3571 3952
3572 3952
3573 3952
3574 3958
3575 3956
3576 3955
3577 3952
3578 3952
3579 3954
3580 3956
3581 3954
3582 3952
3583 3946
3584 3952
3585 3955
3586 3956
3587 3952
3588 3955
3589 3953
3590 3953
3591 3953
3592 3956
3593 3953
3594 3955
3595 3955
3596 3954
3597 3952
3598 3955
3599 3952
3600 3952
3601 3952
3602 3952
3603 3947
3604 3952
3605 3953
3606 3956
3607 3952
3608 3956
3609 3952
3610 3953
3611 3952
3612 3954
3613 3952
3614 3958
3615 3956
3616 3953
3617 3953
3618 3953
3619 3952
3620 3948
3621 3952
3622 3952
3623 3952
3624 3952
3625 3954
3626 3955
3627 3952
3628 3957
3629 3946
3630 3952
3631 3954
3632 3955
3633 3953
3634 3955
3635 3952
3636 3952
3637 3952
3638 3952
3639 3952
3640 3953
3641 3952
3642 3954
3643 3952
3644 3952
3645 3953
3646 3954
3647 3953
3648 3956
3649 3952
3650 3956
3651 3952
3652 3955
3653 3952
3654 3954
3655 3952
3656 3958
3657 3955
3658 3952
3659 3948
3660 3956
3661 3958
3662 3954
3663 3954
3664 3952
3665 3953
3666 3952
3667 3952
3668 3953
3669 3947
3670 3953
3671 3958
3672 3955
3673 3952
3674 3952
3675 3947
3676 3952
3677 3954
3678 3952
3679 3953
3680 3952
3681 3952
3682 3954
3683 3952
3684 3952
3685 3952
3686 3954
3687 3954
3688 3952
3689 3948
3690 3959
3691 3954
3692 3952
3693 3952
3694 3952
